Abyusif,abram Gad,STUDBME2,BMES_Secrelary,ESP32_One,Saeed,Sbme-Staff,CMP LAB1,CMP LAB2,CMP LAB3,CMP LAB4,CMP_LAB1,CMP_LAB2,CMP_LAB3,CMP_LAB4,Lab-admin,RehabLab,label
-100,-100,-60,-66,-72,-100,-68,-100,-88,-100,-100,-77,-81,-76,-76,-100,-100,5
-100,-67,-63,-60,-59,-100,-100,-82,-100,-87,-84,-70,-72,-74,-79,-100,-100,5
-100,-69,-64,-67,-59,-87,-74,-100,-79,-79,-80,-72,-73,-72,-73,-100,-100,5
-100,-73,-68,-54,-51,-100,-72,-100,-100,-87,-85,-76,-77,-78,-76,-100,-100,5
-100,-70,-71,-49,-51,-91,-64,-100,-100,-100,-100,-80,-79,-82,-86,-100,-100,5
-100,-73,-67,-57,-63,-92,-77,-77,-77,-80,-84,-79,-75,-100,-74,-100,-100,5
-100,-73,-67,-45,-50,-92,-63,-83,-81,-81,-84,-78,-77,-80,-83,-100,-100,5
-100,-77,-70,-54,-56,-88,-79,-100,-100,-81,-85,-75,-78,-75,-76,-100,-100,5
-100,-74,-67,-62,-64,-100,-80,-83,-86,-84,-85,-79,-81,-80,-81,-100,-100,5
-88,-74,-61,-55,-60,-100,-70,-84,-86,-100,-100,-80,-100,-79,-76,-100,-100,5
-100,-72,-62,-58,-58,-100,-76,-100,-81,-82,-100,-79,-77,-100,-77,-100,-100,5
-100,-68,-63,-51,-53,-100,-82,-100,-100,-100,-88,-81,-82,-83,-82,-100,-100,5
-100,-68,-62,-66,-62,-91,-81,-100,-100,-87,-85,-100,-82,-83,-100,-100,-95,5
-100,-73,-71,-50,-50,-95,-72,-84,-86,-84,-87,-85,-85,-81,-82,-100,-100,5
-100,-74,-63,-59,-63,-100,-77,-85,-84,-87,-100,-82,-79,-83,-81,-100,-100,5
-100,-69,-63,-49,-54,-100,-73,-100,-100,-84,-84,-100,-100,-82,-100,-100,-100,5
-88,-73,-64,-61,-53,-93,-77,-84,-83,-83,-83,-86,-87,-87,-86,-100,-100,5
-88,-69,-66,-56,-50,-100,-70,-100,-100,-100,-87,-79,-77,-74,-75,-100,-100,5
-85,-68,-65,-62,-63,-88,-76,-84,-100,-100,-100,-85,-85,-89,-88,-100,-100,5
-82,-76,-59,-53,-55,-90,-71,-84,-84,-84,-83,-79,-82,-77,-100,-100,-100,5
-100,-77,-63,-59,-59,-88,-73,-86,-89,-87,-88,-100,-85,-83,-78,-100,-100,5
-81,-71,-62,-52,-54,-100,-70,-91,-90,-100,-92,-100,-78,-79,-100,-100,-100,5
-100,-70,-70,-52,-49,-100,-71,-82,-83,-82,-82,-81,-79,-80,-78,-100,-100,5
-100,-76,-69,-55,-54,-89,-74,-100,-100,-85,-100,-87,-80,-75,-75,-100,-100,5
-88,-80,-70,-50,-59,-100,-72,-100,-87,-85,-87,-82,-100,-84,-89,-100,-100,5
-87,-71,-64,-50,-56,-100,-72,-100,-80,-83,-84,-80,-83,-82,-84,-100,-100,5
-100,-76,-66,-57,-61,-93,-73,-100,-100,-100,-100,-82,-83,-84,-100,-100,-100,5
-84,-71,-60,-54,-59,-100,-78,-85,-100,-86,-87,-86,-81,-85,-88,-100,-100,5
-100,-73,-60,-46,-56,-100,-67,-80,-88,-86,-100,-78,-82,-81,-76,-100,-100,5
-100,-69,-62,-60,-60,-100,-72,-86,-86,-85,-100,-76,-77,-80,-77,-100,-100,5
-100,-73,-68,-63,-54,-90,-69,-100,-87,-100,-100,-85,-100,-77,-83,-100,-100,5
-100,-81,-68,-65,-48,-88,-84,-100,-83,-86,-86,-79,-82,-81,-80,-100,-100,5
-100,-74,-66,-58,-62,-86,-68,-100,-100,-82,-82,-86,-78,-81,-76,-100,-100,5
-82,-74,-64,-52,-51,-100,-67,-86,-87,-92,-83,-80,-84,-85,-100,-100,-100,5
-86,-61,-59,-55,-58,-100,-70,-77,-78,-80,-82,-100,-76,-77,-100,-100,-100,5
-100,-74,-62,-53,-48,-100,-66,-80,-83,-85,-89,-78,-82,-81,-83,-100,-100,5
-100,-69,-66,-54,-52,-100,-73,-100,-100,-100,-83,-76,-77,-100,-76,-100,-100,5
-86,-72,-63,-54,-46,-87,-63,-84,-83,-83,-85,-79,-79,-79,-76,-100,-100,5
-100,-80,-67,-50,-56,-90,-68,-81,-100,-86,-100,-79,-100,-76,-73,-100,-100,5
-100,-75,-70,-60,-59,-90,-75,-100,-90,-88,-89,-79,-81,-82,-80,-100,-100,5
-100,-83,-72,-66,-63,-100,-62,-89,-89,-88,-88,-89,-88,-100,-90,-100,-100,5
-100,-88,-67,-69,-70,-100,-85,-87,-89,-91,-86,-85,-85,-87,-85,-100,-100,5
-90,-71,-71,-58,-53,-92,-76,-100,-87,-92,-89,-83,-85,-84,-83,-100,-100,5
-100,-76,-68,-58,-61,-95,-74,-100,-100,-100,-100,-100,-100,-100,-100,-100,-100,5
-100,-69,-63,-70,-65,-100,-81,-100,-90,-90,-88,-82,-81,-87,-84,-100,-100,5
-100,-77,-66,-64,-54,-100,-78,-100,-100,-100,-100,-82,-79,-85,-80,-100,-100,5
-100,-72,-61,-56,-66,-92,-83,-85,-100,-100,-100,-82,-78,-78,-84,-100,-100,5
-93,-77,-74,-62,-57,-100,-76,-100,-88,-90,-85,-82,-83,-78,-84,-100,-100,5
-100,-71,-69,-68,-60,-93,-80,-89,-100,-100,-100,-86,-100,-100,-85,-100,-100,5
-91,-76,-68,-58,-63,-90,-76,-100,-100,-100,-100,-84,-100,-84,-84,-100,-100,5
-100,-63,-62,-54,-69,-90,-74,-100,-100,-77,-78,-76,-75,-75,-81,-100,-100,5
-91,-67,-65,-56,-55,-100,-72,-100,-100,-100,-100,-100,-100,-100,-100,-100,-100,5
-91,-72,-65,-60,-62,-89,-79,-100,-100,-100,-82,-80,-80,-81,-79,-100,-100,5
-87,-76,-70,-60,-59,-100,-83,-100,-100,-83,-100,-80,-82,-100,-80,-100,-100,5
-90,-77,-63,-55,-55,-90,-82,-100,-86,-100,-100,-86,-85,-82,-82,-100,-100,5
-84,-72,-66,-72,-63,-100,-82,-89,-100,-100,-100,-82,-81,-79,-82,-100,-100,5
-100,-73,-67,-53,-61,-93,-74,-100,-88,-100,-100,-81,-81,-81,-82,-100,-100,5
-100,-76,-63,-63,-59,-90,-72,-89,-100,-87,-89,-83,-88,-81,-83,-100,-100,5
-100,-100,-66,-55,-50,-87,-70,-85,-80,-79,-82,-77,-76,-77,-79,-100,-100,5
-100,-80,-69,-66,-60,-100,-78,-85,-100,-88,-88,-80,-80,-83,-85,-100,-100,5
-100,-75,-64,-64,-56,-87,-81,-87,-89,-91,-87,-74,-75,-75,-75,-100,-100,5
-100,-79,-62,-57,-53,-91,-72,-86,-85,-100,-100,-79,-79,-80,-81,-100,-100,5
-86,-76,-71,-59,-52,-92,-80,-100,-81,-84,-100,-75,-72,-73,-76,-100,-100,5
-100,-82,-66,-59,-60,-100,-73,-100,-100,-87,-90,-85,-87,-83,-84,-100,-100,5
-100,-100,-69,-62,-47,-86,-76,-88,-85,-87,-89,-85,-85,-86,-83,-100,-100,5
-100,-66,-60,-50,-55,-100,-66,-78,-100,-80,-80,-78,-78,-78,-78,-100,-100,5
-100,-77,-72,-53,-55,-91,-68,-85,-89,-86,-85,-81,-100,-82,-89,-100,-100,5
-86,-72,-64,-58,-64,-88,-75,-83,-100,-100,-87,-81,-79,-100,-85,-100,-100,5
-100,-82,-70,-53,-49,-100,-64,-100,-88,-100,-100,-80,-81,-82,-78,-100,-100,5
-100,-74,-62,-72,-63,-88,-73,-85,-84,-84,-100,-81,-80,-81,-81,-100,-100,5
-100,-79,-70,-54,-51,-100,-75,-88,-87,-100,-100,-81,-80,-84,-87,-100,-100,5
-88,-70,-68,-62,-61,-100,-72,-83,-83,-84,-88,-86,-80,-83,-87,-100,-100,5
-100,-77,-69,-57,-57,-89,-71,-86,-85,-84,-84,-81,-80,-80,-79,-100,-100,5
-87,-75,-63,-60,-53,-100,-83,-100,-90,-100,-100,-82,-85,-85,-86,-100,-100,5
-89,-71,-76,-62,-61,-100,-74,-100,-100,-89,-89,-83,-80,-81,-79,-100,-100,5
-100,-76,-65,-62,-68,-89,-80,-90,-100,-90,-100,-82,-84,-81,-81,-100,-100,5
-100,-77,-70,-65,-58,-89,-76,-100,-100,-100,-100,-85,-83,-83,-85,-100,-100,5
-100,-81,-65,-66,-52,-100,-74,-100,-88,-86,-88,-87,-87,-89,-90,-100,-100,5
-100,-75,-67,-59,-70,-87,-71,-89,-100,-100,-100,-100,-81,-83,-87,-100,-100,5
-100,-78,-65,-65,-49,-89,-66,-91,-88,-90,-100,-87,-86,-83,-82,-100,-100,5
-100,-74,-64,-58,-51,-100,-69,-87,-87,-87,-89,-82,-82,-86,-87,-100,-100,5
-100,-80,-66,-44,-53,-100,-69,-100,-100,-83,-81,-75,-81,-75,-77,-100,-100,5
-100,-100,-71,-59,-58,-100,-72,-83,-100,-84,-84,-79,-77,-78,-80,-100,-100,5
-100,-82,-63,-54,-46,-100,-59,-100,-87,-86,-84,-80,-81,-80,-80,-100,-100,5
-100,-67,-66,-61,-46,-100,-65,-87,-87,-87,-100,-80,-79,-80,-81,-100,-100,5
-84,-73,-71,-49,-51,-100,-59,-100,-88,-86,-100,-76,-81,-74,-79,-100,-100,5
-100,-68,-65,-56,-47,-100,-70,-100,-100,-100,-100,-87,-100,-100,-100,-100,-100,5
-100,-73,-65,-54,-54,-100,-66,-88,-89,-100,-100,-84,-84,-83,-100,-100,-100,5
-100,-73,-70,-58,-44,-100,-69,-89,-100,-100,-100,-84,-80,-84,-85,-100,-100,5
-100,-77,-67,-61,-60,-100,-71,-100,-100,-100,-100,-86,-83,-82,-88,-100,-100,5
-100,-75,-68,-61,-54,-100,-73,-90,-100,-100,-88,-85,-83,-85,-100,-100,-100,5
-89,-68,-64,-62,-49,-100,-83,-89,-100,-100,-100,-86,-87,-84,-85,-100,-100,5
-84,-78,-67,-53,-55,-100,-67,-91,-86,-86,-87,-80,-81,-81,-80,-100,-100,5
-91,-73,-68,-58,-50,-100,-76,-100,-100,-100,-100,-84,-84,-84,-84,-100,-100,5
-100,-80,-63,-62,-47,-100,-74,-90,-85,-85,-86,-80,-81,-83,-79,-100,-100,5
-100,-75,-74,-62,-62,-100,-71,-100,-100,-88,-87,-83,-81,-80,-80,-100,-100,5
-100,-78,-66,-53,-49,-100,-69,-85,-85,-85,-84,-86,-84,-88,-88,-100,-100,5
-91,-82,-72,-60,-48,-100,-64,-87,-89,-86,-84,-84,-86,-83,-81,-100,-100,5
-100,-81,-69,-54,-49,-100,-71,-100,-100,-100,-100,-85,-83,-84,-85,-100,-100,5
-100,-77,-60,-65,-57,-100,-100,-86,-86,-87,-100,-83,-78,-79,-81,-100,-100,5
-100,-100,-60,-54,-61,-100,-74,-100,-83,-84,-100,-100,-78,-100,-81,-100,-100,5
-100,-85,-71,-51,-51,-100,-77,-83,-83,-100,-83,-77,-84,-80,-100,-100,-100,5
-85,-70,-63,-54,-59,-100,-67,-88,-82,-85,-87,-78,-76,-79,-81,-100,-100,5
-100,-100,-64,-53,-55,-100,-66,-83,-100,-100,-85,-78,-78,-79,-75,-100,-100,5
-86,-75,-67,-54,-51,-100,-70,-100,-100,-100,-85,-87,-87,-100,-83,-100,-100,5
-82,-100,-64,-52,-48,-100,-74,-79,-85,-82,-100,-76,-76,-74,-78,-100,-100,5
-83,-75,-62,-49,-53,-100,-73,-85,-88,-86,-88,-77,-79,-84,-81,-100,-100,5
-100,-100,-66,-62,-66,-100,-79,-100,-100,-100,-100,-85,-81,-82,-82,-100,-100,5
-100,-77,-60,-56,-50,-100,-71,-84,-83,-86,-84,-87,-85,-83,-81,-100,-100,5
-84,-74,-61,-61,-62,-100,-70,-87,-84,-83,-83,-82,-81,-82,-80,-100,-100,5
-100,-86,-72,-58,-61,-100,-82,-88,-90,-90,-89,-74,-89,-100,-100,-100,-100,5
-86,-74,-70,-59,-50,-100,-71,-83,-82,-84,-81,-78,-82,-86,-77,-100,-100,5
-100,-81,-64,-56,-50,-100,-72,-81,-83,-81,-81,-76,-77,-79,-79,-100,-100,5
-100,-77,-65,-63,-53,-100,-66,-100,-100,-84,-100,-77,-81,-77,-79,-100,-100,5
-100,-76,-62,-66,-50,-100,-84,-85,-84,-82,-84,-77,-77,-79,-78,-100,-100,5
-100,-81,-67,-57,-57,-100,-74,-100,-100,-84,-100,-85,-84,-84,-88,-100,-100,5
-100,-100,-67,-56,-50,-100,-69,-83,-83,-100,-87,-81,-100,-77,-77,-100,-100,5
-100,-74,-59,-64,-63,-100,-100,-87,-100,-87,-100,-86,-86,-84,-84,-100,-100,5
-100,-76,-64,-68,-56,-100,-74,-100,-100,-100,-90,-79,-83,-80,-80,-100,-100,5
-100,-79,-65,-61,-52,-100,-72,-100,-84,-87,-83,-85,-87,-84,-78,-100,-100,5
-100,-85,-66,-62,-66,-100,-73,-100,-100,-90,-100,-100,-100,-88,-100,-100,-100,5
-100,-80,-60,-63,-64,-100,-75,-87,-84,-85,-85,-80,-80,-82,-80,-100,-100,5
-100,-100,-61,-51,-60,-100,-80,-89,-87,-100,-89,-80,-82,-81,-82,-100,-100,5
-100,-78,-66,-57,-58,-100,-100,-100,-100,-100,-100,-82,-82,-81,-84,-100,-100,5
-100,-100,-69,-59,-63,-100,-74,-100,-87,-100,-86,-76,-75,-77,-80,-100,-100,5
-100,-72,-66,-66,-54,-100,-68,-100,-100,-100,-86,-80,-83,-81,-81,-100,-100,5
-100,-70,-62,-71,-58,-100,-72,-86,-88,-100,-100,-85,-80,-83,-81,-100,-100,5
-100,-75,-81,-62,-63,-100,-74,-100,-100,-100,-100,-100,-100,-100,-100,-100,-100,5
-100,-77,-66,-71,-58,-100,-80,-100,-90,-87,-88,-77,-77,-77,-77,-100,-100,5
-100,-74,-70,-56,-62,-100,-71,-100,-100,-86,-88,-78,-84,-80,-79,-100,-100,5
-100,-81,-70,-61,-56,-100,-73,-83,-85,-100,-83,-88,-100,-82,-83,-100,-100,5
-100,-71,-66,-58,-62,-100,-81,-100,-90,-100,-100,-82,-82,-83,-83,-100,-100,5
-100,-74,-64,-65,-53,-100,-78,-84,-100,-90,-100,-87,-84,-87,-80,-100,-100,5
-100,-64,-68,-56,-62,-100,-79,-100,-100,-100,-87,-100,-85,-85,-89,-100,-100,5
-100,-77,-71,-59,-64,-100,-100,-100,-100,-100,-100,-82,-80,-83,-81,-100,-100,5
-100,-61,-69,-62,-56,-100,-87,-100,-86,-100,-100,-81,-84,-81,-82,-100,-100,5
-100,-74,-73,-68,-56,-100,-100,-83,-86,-100,-100,-88,-85,-85,-86,-100,-100,5
-100,-77,-69,-70,-62,-100,-82,-87,-100,-100,-100,-85,-100,-81,-100,-100,-100,5
-100,-72,-68,-58,-56,-100,-84,-86,-89,-90,-100,-87,-85,-82,-87,-100,-100,5
-100,-85,-64,-58,-63,-84,-83,-100,-100,-100,-85,-84,-80,-100,-77,-100,-100,5
-85,-71,-65,-49,-54,-100,-67,-100,-100,-100,-100,-100,-100,-100,-100,-100,-100,5
-100,-70,-59,-58,-59,-100,-72,-100,-100,-100,-100,-86,-82,-81,-80,-100,-100,5
-84,-69,-70,-62,-63,-100,-69,-88,-85,-86,-85,-85,-100,-83,-84,-100,-100,5
-100,-79,-63,-46,-55,-100,-66,-87,-100,-86,-100,-83,-82,-82,-82,-100,-100,5
-88,-67,-67,-60,-59,-89,-75,-83,-83,-100,-100,-74,-73,-74,-77,-100,-100,5
-100,-63,-63,-59,-58,-84,-100,-86,-83,-82,-82,-81,-82,-80,-83,-100,-100,5
-100,-62,-74,-46,-51,-93,-75,-100,-84,-86,-87,-85,-85,-84,-100,-100,-100,5
-100,-64,-69,-53,-59,-89,-70,-84,-83,-82,-83,-84,-82,-82,-83,-100,-100,5
-100,-82,-70,-70,-56,-100,-73,-100,-100,-100,-100,-79,-100,-84,-87,-100,-100,5
-90,-74,-59,-55,-56,-87,-71,-81,-84,-81,-82,-72,-72,-72,-72,-100,-100,5
-100,-100,-64,-42,-44,-85,-66,-100,-86,-88,-100,-88,-84,-85,-82,-100,-100,5
-81,-100,-60,-57,-56,-84,-100,-87,-85,-86,-87,-75,-78,-73,-75,-100,-100,5
-100,-73,-71,-53,-67,-100,-69,-100,-87,-88,-100,-82,-80,-84,-79,-100,-100,5
-100,-73,-66,-53,-49,-100,-73,-86,-86,-85,-86,-83,-100,-100,-100,-100,-100,5
-81,-100,-60,-57,-57,-100,-79,-100,-100,-85,-86,-79,-84,-77,-78,-100,-100,5
-100,-66,-64,-52,-56,-88,-71,-83,-82,-84,-82,-82,-81,-83,-82,-100,-100,5
-100,-79,-61,-63,-53,-88,-86,-100,-90,-100,-100,-83,-82,-83,-85,-100,-100,5
-88,-64,-61,-59,-60,-89,-70,-84,-82,-83,-80,-83,-81,-80,-80,-100,-100,5
-88,-74,-62,-55,-58,-100,-70,-85,-87,-100,-84,-77,-80,-79,-78,-100,-100,5
-100,-73,-63,-57,-55,-85,-76,-100,-100,-84,-82,-76,-75,-74,-74,-100,-100,5
-100,-76,-65,-58,-63,-88,-67,-84,-83,-84,-85,-100,-74,-77,-100,-100,-100,5
-100,-78,-71,-55,-65,-86,-78,-100,-100,-100,-100,-100,-100,-100,-100,-100,-100,5
-85,-68,-59,-44,-53,-82,-76,-86,-88,-100,-85,-80,-80,-79,-80,-100,-100,5
-88,-81,-63,-57,-57,-85,-67,-84,-84,-83,-83,-78,-77,-75,-78,-100,-100,5
-100,-69,-74,-51,-65,-100,-74,-100,-100,-84,-100,-73,-76,-72,-71,-100,-100,5
-85,-63,-58,-62,-53,-85,-75,-87,-88,-86,-100,-87,-88,-83,-82,-100,-100,5
-100,-74,-60,-54,-51,-100,-69,-100,-100,-100,-100,-83,-75,-77,-80,-100,-100,5
-100,-74,-71,-58,-52,-100,-70,-100,-100,-87,-100,-82,-76,-77,-80,-100,-100,5
-100,-73,-60,-63,-51,-100,-78,-100,-100,-86,-86,-80,-81,-78,-83,-100,-100,5
-100,-72,-73,-64,-59,-100,-80,-100,-100,-100,-100,-81,-80,-81,-82,-100,-100,5
-100,-70,-67,-63,-49,-85,-71,-100,-100,-100,-100,-100,-100,-100,-100,-100,-88,5
-100,-70,-64,-46,-50,-100,-75,-85,-100,-100,-100,-100,-79,-79,-77,-100,-100,5
-100,-68,-65,-58,-53,-88,-74,-100,-100,-84,-100,-79,-78,-74,-100,-100,-100,5
-88,-71,-100,-58,-50,-100,-81,-87,-87,-100,-87,-100,-80,-84,-82,-100,-100,5
-100,-76,-61,-47,-51,-100,-69,-100,-82,-100,-82,-74,-75,-76,-76,-100,-100,5
-100,-66,-63,-49,-59,-100,-71,-100,-100,-86,-100,-78,-79,-77,-78,-100,-100,5
-100,-76,-73,-64,-59,-100,-73,-86,-83,-84,-88,-100,-85,-82,-84,-100,-100,5
-84,-79,-62,-50,-53,-100,-75,-87,-87,-84,-87,-81,-84,-84,-83,-100,-100,5
-100,-78,-65,-53,-60,-100,-73,-83,-83,-85,-82,-74,-77,-75,-73,-100,-100,5
-86,-71,-64,-57,-65,-91,-72,-100,-100,-100,-100,-79,-77,-79,-100,-100,-100,5
-85,-73,-75,-48,-61,-100,-70,-100,-100,-100,-81,-77,-78,-100,-83,-100,-100,5
-100,-70,-64,-62,-57,-86,-73,-100,-100,-100,-100,-84,-79,-81,-82,-100,-100,5
-100,-78,-68,-58,-57,-100,-66,-100,-100,-81,-81,-79,-79,-80,-100,-100,-100,5
-100,-71,-100,-54,-58,-88,-84,-100,-88,-100,-100,-81,-80,-82,-86,-100,-100,5
-100,-70,-64,-62,-48,-100,-77,-83,-87,-87,-100,-81,-81,-81,-81,-100,-100,5
-100,-69,-64,-43,-44,-89,-64,-80,-81,-82,-79,-77,-75,-80,-75,-100,-100,5
-100,-69,-63,-59,-59,-100,-80,-85,-100,-100,-100,-78,-77,-78,-77,-100,-100,5
-100,-71,-70,-60,-42,-100,-82,-100,-100,-100,-100,-100,-85,-100,-83,-100,-100,5
-100,-82,-66,-50,-49,-83,-75,-81,-84,-83,-83,-75,-75,-75,-75,-100,-100,5
-100,-68,-62,-59,-49,-85,-77,-100,-100,-83,-83,-81,-80,-78,-81,-100,-100,5
-100,-67,-63,-54,-55,-100,-71,-100,-100,-86,-83,-73,-73,-75,-77,-100,-100,5
-83,-72,-71,-46,-45,-100,-64,-80,-80,-79,-78,-77,-75,-79,-79,-100,-100,5
-100,-79,-63,-52,-50,-100,-71,-81,-100,-100,-100,-100,-100,-86,-100,-100,-100,5
-100,-74,-64,-48,-42,-100,-67,-78,-85,-100,-78,-72,-71,-72,-73,-100,-100,5
-100,-100,-65,-57,-51,-90,-74,-100,-100,-84,-100,-84,-100,-100,-86,-100,-100,5
-100,-73,-67,-55,-58,-100,-65,-89,-100,-100,-100,-82,-81,-82,-81,-100,-100,5
-100,-70,-63,-59,-54,-100,-66,-100,-100,-100,-100,-100,-100,-100,-100,-100,-100,5
-100,-65,-62,-63,-51,-100,-72,-100,-100,-100,-85,-82,-80,-78,-80,-100,-100,5
-100,-78,-72,-59,-45,-100,-68,-100,-100,-83,-83,-82,-81,-80,-80,-100,-100,5
-100,-72,-60,-62,-52,-100,-73,-100,-80,-100,-100,-80,-76,-78,-80,-100,-100,5
-100,-77,-63,-57,-63,-100,-72,-100,-100,-100,-100,-81,-84,-82,-80,-100,-100,5
-100,-68,-66,-58,-57,-100,-71,-100,-100,-81,-100,-71,-72,-73,-73,-100,-100,5
-100,-71,-62,-56,-49,-100,-70,-100,-100,-100,-100,-81,-82,-82,-83,-100,-100,5
-100,-80,-68,-55,-58,-100,-82,-90,-90,-100,-100,-100,-84,-85,-85,-100,-100,5
-100,-76,-75,-66,-57,-100,-77,-100,-100,-100,-100,-100,-100,-100,-100,-100,-100,5
-84,-71,-69,-58,-52,-100,-66,-100,-100,-86,-89,-78,-77,-76,-77,-100,-100,5
-100,-76,-73,-51,-49,-100,-65,-100,-84,-100,-84,-100,-79,-100,-80,-100,-100,5
-100,-81,-64,-57,-52,-100,-76,-100,-100,-100,-100,-80,-81,-81,-82,-100,-100,5
-100,-77,-71,-64,-51,-100,-83,-100,-100,-100,-100,-100,-100,-100,-100,-100,-100,5
-86,-69,-64,-63,-53,-100,-70,-100,-100,-100,-100,-78,-75,-78,-78,-100,-100,5
-100,-76,-64,-63,-50,-100,-79,-82,-82,-100,-82,-80,-79,-79,-75,-100,-100,5
-100,-79,-68,-59,-57,-100,-75,-100,-100,-100,-100,-90,-85,-100,-86,-100,-100,5
-100,-75,-63,-61,-58,-100,-73,-100,-100,-100,-100,-84,-100,-85,-85,-100,-100,5
-84,-69,-65,-59,-58,-100,-69,-83,-100,-100,-100,-71,-73,-76,-70,-100,-100,5
-100,-78,-69,-59,-51,-100,-65,-100,-100,-100,-83,-100,-100,-77,-76,-100,-100,5
-100,-75,-69,-62,-50,-100,-76,-84,-100,-100,-100,-79,-77,-78,-77,-100,-100,5
-100,-68,-64,-57,-58,-100,-67,-100,-81,-80,-100,-81,-78,-100,-76,-100,-100,5
-100,-77,-64,-57,-49,-100,-67,-100,-100,-100,-100,-100,-100,-100,-100,-100,-100,5
-100,-73,-64,-67,-54,-100,-80,-100,-100,-100,-100,-77,-77,-75,-75,-100,-100,5
-100,-76,-76,-62,-58,-100,-73,-100,-100,-100,-85,-100,-100,-75,-74,-100,-100,5
-100,-72,-71,-67,-48,-100,-100,-100,-100,-90,-87,-84,-82,-82,-80,-100,-100,5
-78,-71,-57,-59,-53,-100,-100,-76,-76,-80,-100,-71,-71,-71,-72,-100,-100,5
-100,-80,-69,-59,-49,-100,-73,-100,-100,-86,-100,-100,-100,-78,-100,-100,-100,5
-100,-78,-66,-52,-52,-100,-72,-100,-100,-100,-100,-82,-78,-82,-81,-100,-100,5
-100,-100,-65,-61,-60,-100,-77,-80,-81,-80,-100,-76,-78,-79,-77,-100,-100,5
-100,-74,-63,-61,-49,-100,-69,-84,-82,-79,-77,-75,-75,-74,-74,-100,-100,5
-100,-100,-66,-62,-52,-100,-65,-100,-100,-83,-82,-74,-73,-74,-74,-100,-100,5
-100,-81,-64,-53,-48,-100,-75,-100,-100,-80,-100,-75,-74,-76,-76,-100,-100,5
-100,-82,-65,-60,-54,-100,-78,-83,-83,-100,-85,-77,-80,-100,-78,-100,-100,5
-100,-77,-58,-61,-53,-100,-100,-83,-81,-81,-80,-81,-81,-81,-77,-100,-100,5
-100,-79,-71,-50,-45,-100,-63,-100,-100,-100,-100,-80,-81,-80,-81,-100,-100,5
-100,-80,-100,-64,-55,-100,-82,-100,-100,-100,-100,-100,-100,-100,-100,-100,-100,5
-100,-78,-65,-56,-50,-100,-80,-100,-100,-100,-100,-100,-81,-84,-100,-100,-100,5
-100,-76,-100,-64,-54,-85,-77,-100,-100,-100,-81,-77,-77,-78,-77,-100,-100,5
-100,-76,-60,-48,-61,-100,-65,-83,-100,-100,-80,-77,-74,-77,-77,-100,-100,5
-84,-72,-62,-48,-53,-100,-67,-84,-100,-100,-78,-73,-76,-75,-78,-100,-100,5
-100,-69,-65,-42,-43,-100,-60,-81,-100,-84,-100,-83,-77,-81,-100,-100,-100,5
-100,-78,-62,-54,-53,-100,-70,-100,-84,-82,-83,-100,-77,-80,-77,-100,-100,5
-84,-73,-57,-51,-52,-100,-65,-100,-100,-100,-100,-80,-79,-80,-79,-100,-100,5
-100,-77,-67,-48,-49,-100,-71,-87,-100,-100,-100,-80,-80,-75,-78,-100,-100,5
-100,-72,-69,-59,-54,-100,-75,-100,-86,-100,-84,-79,-75,-76,-77,-100,-100,5
-100,-74,-71,-63,-62,-100,-83,-100,-79,-100,-100,-76,-83,-74,-74,-100,-100,5
-100,-77,-60,-67,-63,-100,-72,-100,-100,-100,-100,-100,-100,-100,-100,-100,-100,5
-100,-76,-65,-47,-48,-100,-66,-85,-100,-100,-100,-70,-75,-74,-71,-100,-100,5
-100,-71,-69,-66,-55,-100,-69,-100,-81,-100,-100,-77,-85,-100,-81,-100,-100,5
-100,-71,-68,-48,-41,-100,-65,-100,-83,-100,-100,-76,-78,-80,-77,-100,-100,5
-100,-70,-59,-42,-48,-100,-63,-100,-100,-100,-100,-78,-80,-74,-74,-100,-100,5
-100,-76,-64,-54,-41,-100,-70,-100,-83,-100,-86,-79,-78,-79,-83,-100,-100,5
-100,-69,-69,-53,-43,-87,-75,-100,-100,-84,-100,-75,-100,-75,-73,-100,-100,5
-100,-74,-69,-61,-57,-100,-68,-100,-100,-100,-100,-82,-80,-84,-83,-100,-100,5
-100,-73,-61,-54,-57,-100,-71,-100,-100,-100,-100,-78,-81,-80,-78,-100,-100,5
-87,-70,-61,-67,-56,-100,-100,-87,-100,-100,-100,-78,-81,-78,-100,-100,-100,5
-100,-77,-55,-61,-50,-100,-100,-100,-100,-100,-100,-82,-86,-100,-81,-100,-100,5
-100,-83,-70,-56,-54,-100,-75,-100,-100,-100,-100,-81,-82,-100,-80,-100,-100,5
-100,-73,-67,-58,-54,-100,-69,-79,-100,-100,-100,-80,-77,-79,-100,-100,-100,5
-100,-74,-61,-64,-63,-100,-82,-100,-100,-100,-100,-100,-100,-100,-100,-100,-100,5
-100,-76,-66,-69,-50,-100,-84,-100,-100,-100,-100,-83,-81,-83,-82,-100,-100,5
-100,-76,-62,-57,-53,-100,-69,-80,-80,-80,-100,-76,-76,-76,-76,-100,-100,5
-100,-70,-58,-67,-52,-100,-76,-100,-100,-100,-100,-81,-100,-100,-84,-100,-100,5
-100,-74,-63,-65,-54,-100,-70,-100,-100,-100,-100,-100,-100,-100,-100,-100,-100,5
-100,-72,-64,-58,-52,-100,-75,-100,-100,-100,-100,-100,-75,-76,-76,-100,-100,5
-100,-100,-65,-56,-48,-85,-69,-100,-100,-100,-100,-78,-78,-75,-76,-100,-100,5
-100,-100,-100,-51,-48,-100,-72,-100,-100,-100,-100,-100,-100,-100,-100,-100,-100,5
-100,-74,-56,-60,-51,-100,-75,-100,-100,-100,-100,-77,-77,-79,-76,-100,-100,5
-100,-69,-50,-66,-62,-100,-78,-83,-84,-100,-81,-81,-79,-82,-86,-100,-100,5
-87,-81,-65,-62,-44,-100,-74,-100,-100,-100,-100,-79,-79,-79,-79,-100,-100,5
-100,-70,-63,-60,-54,-100,-81,-100,-100,-100,-100,-77,-77,-78,-76,-100,-100,5
-100,-74,-63,-55,-55,-100,-68,-78,-78,-80,-78,-71,-74,-74,-74,-100,-100,5
-100,-84,-73,-48,-47,-100,-62,-100,-100,-100,-100,-75,-80,-83,-78,-100,-100,5
-100,-100,-63,-54,-36,-100,-50,-86,-100,-86,-85,-100,-82,-100,-84,-100,-100,5
-87,-82,-63,-52,-36,-100,-50,-82,-82,-83,-84,-77,-77,-78,-78,-100,-100,5
-87,-83,-64,-50,-36,-100,-49,-100,-100,-100,-100,-79,-79,-100,-79,-100,-100,5
-88,-75,-63,-49,-36,-100,-50,-100,-100,-100,-100,-100,-100,-80,-79,-100,-100,5
-100,-79,-63,-53,-38,-100,-49,-87,-87,-100,-100,-80,-81,-82,-82,-100,-100,5
-100,-81,-68,-48,-37,-100,-50,-100,-100,-100,-100,-100,-100,-82,-85,-100,-100,5
-83,-75,-69,-46,-36,-100,-51,-100,-88,-100,-86,-100,-82,-100,-83,-100,-100,5
-85,-75,-68,-50,-38,-100,-49,-100,-100,-100,-100,-78,-81,-100,-83,-100,-100,5
-85,-79,-63,-45,-37,-100,-50,-87,-87,-100,-87,-79,-76,-76,-78,-100,-100,5
-100,-77,-64,-49,-38,-100,-50,-88,-86,-88,-86,-80,-78,-77,-77,-100,-100,5
-87,-77,-62,-48,-38,-100,-49,-100,-88,-89,-87,-81,-83,-100,-84,-100,-100,5
-100,-82,-70,-49,-37,-100,-49,-100,-86,-84,-88,-82,-81,-81,-81,-100,-100,5
-100,-77,-66,-49,-37,-100,-50,-100,-100,-89,-88,-78,-79,-79,-77,-100,-100,5
-100,-76,-65,-47,-37,-100,-49,-86,-88,-86,-100,-81,-80,-82,-80,-100,-100,5
-100,-77,-65,-44,-37,-100,-51,-85,-85,-84,-100,-84,-85,-87,-85,-100,-100,5
-100,-75,-66,-46,-38,-90,-57,-90,-100,-100,-100,-85,-81,-81,-100,-100,-100,5
-83,-86,-68,-48,-36,-100,-50,-100,-100,-100,-100,-100,-100,-84,-100,-100,-100,5
-100,-72,-63,-45,-39,-90,-70,-100,-100,-100,-86,-76,-74,-79,-78,-100,-100,5
-100,-82,-62,-61,-55,-100,-78,-86,-86,-85,-85,-80,-79,-78,-80,-100,-100,5
-86,-74,-64,-51,-43,-90,-70,-85,-100,-81,-80,-82,-74,-77,-82,-100,-100,5
-84,-76,-66,-57,-57,-100,-86,-100,-100,-100,-100,-88,-83,-79,-82,-100,-100,5
-100,-74,-60,-54,-43,-100,-72,-100,-100,-100,-100,-76,-85,-76,-82,-100,-100,5
-100,-70,-65,-59,-57,-100,-80,-100,-100,-100,-100,-100,-82,-85,-81,-100,-100,5
-100,-77,-73,-55,-44,-100,-70,-88,-88,-87,-100,-100,-82,-87,-79,-100,-100,5
-85,-80,-68,-49,-39,-100,-63,-100,-100,-100,-100,-80,-83,-79,-84,-100,-100,5
-87,-74,-61,-54,-48,-100,-71,-100,-100,-88,-100,-79,-77,-78,-81,-100,-100,5
-87,-79,-70,-67,-43,-100,-59,-100,-87,-86,-88,-80,-80,-76,-83,-100,-100,5
-100,-78,-71,-54,-48,-100,-74,-90,-87,-88,-86,-82,-89,-85,-84,-100,-100,5
-86,-78,-70,-56,-50,-100,-69,-90,-100,-90,-100,-83,-84,-83,-85,-100,-100,5
-100,-85,-67,-60,-43,-100,-75,-100,-88,-88,-88,-82,-100,-82,-84,-100,-100,5
-100,-72,-72,-50,-51,-100,-66,-86,-85,-92,-100,-81,-83,-80,-82,-100,-100,5
-100,-86,-69,-62,-47,-92,-66,-100,-100,-100,-100,-100,-100,-100,-100,-100,-100,5
-86,-79,-69,-46,-50,-100,-62,-100,-86,-88,-85,-100,-81,-82,-81,-100,-100,5
-86,-78,-69,-52,-49,-91,-74,-87,-100,-100,-87,-85,-100,-84,-85,-100,-100,5
-100,-78,-75,-55,-48,-100,-57,-89,-100,-87,-100,-100,-100,-88,-82,-100,-100,5
-88,-74,-69,-59,-39,-100,-74,-100,-100,-100,-100,-100,-100,-100,-100,-100,-100,5
-86,-75,-73,-47,-60,-100,-68,-88,-90,-100,-90,-82,-87,-86,-86,-100,-100,5
-100,-82,-69,-62,-43,-100,-72,-88,-89,-85,-91,-88,-86,-86,-85,-100,-100,5
-100,-82,-67,-62,-52,-87,-74,-100,-89,-83,-87,-84,-82,-84,-86,-100,-100,5
-100,-78,-74,-53,-51,-100,-64,-100,-85,-100,-100,-75,-76,-74,-74,-100,-100,5
-87,-75,-73,-52,-41,-100,-69,-89,-90,-89,-90,-83,-85,-84,-82,-100,-100,5
-100,-84,-62,-60,-53,-89,-73,-86,-84,-84,-86,-80,-82,-86,-80,-100,-100,5
-85,-72,-72,-59,-42,-100,-66,-93,-90,-100,-100,-79,-89,-100,-80,-100,-100,5
-86,-64,-62,-55,-52,-87,-85,-81,-100,-85,-84,-73,-71,-72,-71,-100,-100,5
-90,-74,-68,-53,-36,-89,-67,-82,-80,-80,-83,-74,-75,-75,-74,-100,-100,5
-100,-71,-65,-63,-58,-100,-75,-88,-88,-89,-85,-82,-84,-100,-80,-100,-100,5
-100,-67,-63,-56,-62,-100,-69,-100,-100,-100,-100,-83,-85,-100,-86,-100,-100,5
-100,-85,-65,-61,-49,-100,-66,-100,-92,-100,-100,-82,-86,-85,-83,-100,-100,5
-100,-75,-71,-62,-52,-88,-73,-80,-83,-82,-81,-78,-77,-81,-76,-100,-100,5
-87,-77,-74,-45,-41,-100,-64,-83,-86,-83,-85,-80,-81,-80,-80,-100,-100,5
-100,-81,-70,-63,-52,-89,-78,-100,-100,-100,-100,-87,-89,-87,-88,-100,-100,5
-100,-69,-66,-57,-63,-100,-81,-86,-87,-90,-88,-82,-100,-85,-84,-100,-100,5
-100,-73,-64,-52,-47,-100,-66,-100,-88,-100,-88,-77,-100,-81,-78,-100,-100,5
-100,-65,-63,-59,-56,-100,-73,-100,-100,-100,-100,-81,-82,-80,-83,-100,-100,5
-90,-67,-67,-70,-59,-100,-80,-100,-90,-100,-100,-80,-80,-81,-80,-100,-100,5
-86,-75,-73,-49,-43,-90,-66,-100,-100,-85,-100,-100,-80,-79,-79,-100,-100,5
-100,-73,-67,-58,-55,-100,-72,-84,-86,-85,-84,-79,-80,-81,-80,-100,-100,5
-100,-83,-76,-68,-53,-100,-77,-100,-100,-100,-100,-79,-100,-77,-74,-100,-100,5
-84,-78,-67,-72,-55,-100,-80,-85,-85,-85,-86,-81,-82,-81,-81,-100,-100,5
-89,-65,-63,-60,-62,-100,-76,-91,-100,-100,-100,-82,-85,-86,-87,-100,-100,5
-84,-79,-66,-65,-62,-89,-80,-90,-100,-90,-88,-86,-86,-86,-85,-100,-100,5
-100,-79,-69,-49,-48,-100,-75,-84,-86,-100,-87,-84,-85,-84,-86,-100,-100,5
-100,-86,-77,-61,-49,-100,-80,-100,-100,-100,-100,-85,-85,-83,-87,-100,-100,5
-100,-76,-72,-61,-57,-100,-82,-100,-100,-100,-100,-79,-81,-81,-81,-100,-100,5
-86,-69,-62,-54,-44,-100,-68,-100,-100,-100,-100,-72,-72,-71,-73,-100,-93,5
-100,-68,-64,-51,-40,-87,-70,-100,-80,-83,-86,-72,-70,-69,-69,-100,-100,5
-100,-71,-65,-54,-41,-100,-64,-86,-100,-100,-87,-85,-82,-100,-100,-100,-100,5
-85,-77,-64,-61,-43,-100,-76,-100,-84,-82,-84,-73,-76,-77,-75,-100,-100,5
-100,-76,-66,-57,-48,-100,-69,-86,-87,-88,-85,-77,-77,-78,-78,-100,-100,5
-88,-72,-69,-55,-51,-100,-64,-90,-87,-86,-84,-76,-78,-76,-76,-100,-100,5
-89,-68,-68,-54,-50,-100,-68,-87,-83,-91,-87,-80,-81,-80,-81,-100,-100,5
-100,-67,-65,-45,-41,-100,-67,-81,-83,-83,-82,-70,-72,-70,-71,-100,-100,5
-100,-72,-62,-61,-56,-100,-81,-100,-100,-88,-85,-80,-78,-78,-79,-100,-100,5
-100,-100,-100,-57,-100,-100,-74,-85,-87,-87,-89,-80,-80,-80,-81,-100,-100,5
-100,-75,-65,-46,-43,-87,-83,-90,-100,-100,-90,-85,-84,-88,-85,-100,-100,5
-90,-100,-67,-60,-57,-100,-73,-82,-84,-90,-85,-75,-75,-75,-75,-100,-100,5
-100,-78,-68,-49,-56,-100,-65,-100,-100,-100,-100,-100,-100,-100,-100,-100,-100,5
-100,-78,-68,-64,-53,-100,-75,-100,-84,-100,-100,-84,-100,-77,-80,-100,-100,5
-100,-76,-62,-59,-52,-100,-72,-100,-100,-100,-100,-77,-77,-80,-76,-100,-100,5
-100,-81,-65,-61,-41,-100,-76,-87,-88,-85,-88,-77,-77,-77,-77,-100,-100,5
-100,-79,-70,-56,-49,-100,-76,-100,-100,-100,-100,-81,-85,-83,-84,-100,-100,5
-100,-100,-61,-66,-59,-100,-76,-100,-100,-100,-100,-84,-83,-83,-82,-100,-100,5
-100,-84,-62,-59,-49,-100,-73,-85,-91,-88,-89,-100,-100,-80,-100,-100,-100,5
-100,-81,-70,-64,-56,-100,-83,-100,-100,-100,-100,-82,-85,-85,-85,-100,-100,5
-100,-81,-64,-69,-57,-100,-81,-100,-100,-100,-100,-85,-84,-84,-85,-100,-100,5
-100,-85,-66,-63,-59,-100,-73,-100,-87,-100,-89,-82,-81,-82,-100,-100,-100,5
-100,-85,-65,-62,-57,-100,-74,-86,-85,-86,-87,-82,-80,-83,-82,-100,-100,5
-100,-79,-64,-64,-56,-100,-75,-90,-100,-100,-100,-91,-86,-87,-86,-100,-100,5
-100,-73,-75,-64,-59,-100,-81,-87,-84,-84,-85,-81,-80,-82,-81,-100,-100,5
-90,-80,-64,-61,-58,-100,-63,-89,-87,-87,-87,-82,-80,-87,-86,-100,-100,5
-100,-72,-71,-62,-48,-100,-64,-100,-100,-100,-100,-84,-84,-82,-84,-100,-100,5
-100,-76,-66,-66,-54,-100,-62,-88,-87,-88,-88,-77,-77,-78,-77,-100,-100,5
-100,-74,-68,-56,-51,-100,-71,-100,-100,-87,-89,-78,-77,-75,-77,-100,-100,5
-100,-68,-65,-53,-57,-100,-75,-100,-100,-100,-90,-77,-79,-82,-78,-100,-100,5
-100,-71,-63,-57,-37,-100,-79,-82,-100,-83,-83,-77,-74,-75,-77,-100,-100,5
-100,-74,-63,-64,-45,-100,-72,-83,-83,-82,-81,-77,-77,-78,-77,-100,-100,5
-100,-76,-66,-55,-60,-100,-73,-82,-81,-82,-89,-81,-82,-81,-79,-100,-100,5
-100,-80,-71,-60,-49,-100,-74,-100,-100,-100,-100,-82,-80,-83,-83,-100,-100,5
-100,-85,-74,-62,-46,-100,-69,-100,-100,-100,-100,-87,-87,-87,-86,-100,-100,5
-100,-77,-68,-61,-59,-100,-63,-83,-86,-82,-100,-71,-72,-76,-73,-100,-100,5
-100,-74,-68,-63,-59,-100,-79,-85,-87,-87,-89,-82,-82,-80,-81,-100,-100,5
-100,-75,-73,-61,-47,-100,-87,-100,-100,-100,-87,-82,-79,-81,-77,-100,-100,5
-100,-78,-62,-62,-52,-100,-74,-87,-84,-85,-88,-78,-80,-79,-79,-100,-100,5
-100,-77,-68,-67,-53,-100,-75,-90,-89,-89,-89,-82,-80,-100,-85,-100,-100,5
-90,-86,-64,-61,-59,-100,-81,-85,-100,-88,-89,-84,-85,-86,-84,-100,-100,5
-100,-100,-69,-66,-55,-100,-75,-100,-89,-100,-100,-82,-79,-81,-81,-100,-100,5
-100,-84,-71,-61,-31,-100,-60,-100,-100,-100,-100,-78,-79,-80,-80,-100,-100,5
-100,-81,-69,-61,-31,-100,-60,-100,-100,-100,-100,-85,-86,-86,-87,-100,-100,5
-100,-77,-74,-59,-31,-100,-60,-100,-100,-100,-100,-80,-81,-80,-81,-100,-100,5
-100,-75,-71,-65,-31,-100,-61,-100,-100,-100,-91,-88,-86,-86,-90,-100,-100,5
-100,-82,-69,-62,-31,-100,-60,-100,-100,-100,-100,-84,-84,-83,-100,-100,-100,5
-100,-86,-70,-57,-32,-100,-60,-100,-100,-100,-100,-84,-80,-80,-84,-100,-100,5
-100,-85,-73,-58,-32,-100,-60,-100,-100,-92,-100,-79,-81,-80,-80,-100,-100,5
-100,-83,-78,-60,-32,-100,-60,-100,-100,-100,-100,-81,-81,-81,-79,-100,-100,5
-100,-100,-73,-62,-32,-100,-60,-100,-100,-100,-100,-85,-86,-88,-88,-100,-100,5
-100,-83,-68,-65,-31,-100,-60,-100,-100,-100,-100,-85,-83,-83,-82,-100,-100,5
-100,-85,-72,-64,-32,-100,-60,-100,-100,-100,-100,-82,-82,-83,-82,-100,-100,5
-100,-81,-71,-65,-32,-100,-59,-100,-100,-100,-100,-79,-80,-79,-80,-100,-100,5
-100,-100,-72,-65,-32,-100,-60,-100,-100,-100,-100,-83,-85,-81,-84,-100,-100,5
-100,-83,-71,-69,-31,-100,-61,-100,-100,-100,-100,-86,-100,-100,-86,-100,-100,5
-100,-88,-79,-65,-31,-100,-60,-100,-100,-100,-90,-80,-84,-84,-82,-100,-100,5
-100,-78,-73,-64,-32,-100,-61,-100,-100,-100,-100,-100,-88,-86,-100,-100,-100,5
-100,-82,-69,-65,-32,-100,-61,-100,-100,-100,-100,-100,-100,-100,-100,-100,-100,5
-100,-83,-73,-61,-32,-100,-61,-100,-100,-100,-100,-84,-86,-84,-85,-100,-100,5
-100,-86,-71,-64,-32,-100,-62,-89,-89,-100,-100,-100,-100,-100,-100,-100,-100,5
-100,-84,-71,-64,-32,-100,-61,-100,-100,-100,-100,-87,-84,-87,-100,-100,-100,5
-100,-87,-65,-61,-31,-100,-64,-100,-89,-100,-88,-81,-83,-81,-81,-100,-100,5
-100,-100,-70,-63,-31,-100,-62,-100,-100,-100,-100,-82,-84,-84,-84,-100,-100,5
-100,-85,-71,-64,-32,-100,-62,-100,-100,-100,-100,-79,-78,-78,-78,-100,-100,5
-100,-82,-71,-67,-31,-100,-62,-100,-100,-100,-100,-81,-82,-82,-82,-100,-100,5
-100,-84,-69,-62,-31,-100,-62,-100,-100,-100,-100,-79,-79,-79,-79,-100,-100,5
-100,-100,-72,-69,-31,-100,-64,-100,-100,-100,-100,-86,-87,-100,-85,-100,-100,5
-100,-83,-68,-64,-32,-100,-65,-100,-100,-100,-100,-77,-77,-80,-78,-100,-100,5
-100,-79,-72,-67,-32,-100,-66,-100,-100,-100,-100,-87,-88,-88,-86,-100,-100,5
-100,-75,-65,-66,-32,-100,-64,-100,-100,-100,-100,-100,-100,-100,-100,-100,-100,5
-100,-76,-71,-54,-31,-100,-71,-100,-100,-100,-100,-77,-77,-79,-79,-100,-100,5
-100,-84,-72,-60,-55,-100,-77,-100,-100,-100,-100,-87,-85,-85,-84,-100,-100,5
-100,-78,-71,-52,-46,-100,-67,-84,-86,-84,-83,-83,-82,-80,-100,-100,-100,5
-100,-78,-57,-60,-58,-100,-79,-85,-86,-85,-85,-87,-85,-82,-79,-100,-100,5
-100,-79,-63,-61,-64,-100,-77,-83,-86,-85,-87,-80,-81,-80,-80,-100,-100,5
-100,-85,-59,-65,-55,-100,-75,-83,-80,-83,-85,-100,-79,-80,-79,-100,-100,5
-100,-78,-72,-58,-67,-100,-77,-89,-87,-84,-90,-75,-75,-75,-75,-100,-100,5
-100,-79,-63,-63,-59,-100,-84,-81,-79,-79,-79,-74,-74,-74,-74,-100,-100,5
-100,-78,-63,-64,-60,-100,-87,-79,-81,-81,-80,-78,-79,-78,-76,-100,-100,5
-85,-76,-64,-62,-57,-91,-80,-83,-100,-100,-88,-100,-79,-85,-78,-100,-100,5
-100,-71,-69,-61,-51,-88,-80,-89,-84,-100,-87,-85,-86,-100,-81,-100,-100,5
-100,-72,-68,-64,-51,-100,-87,-84,-84,-84,-84,-83,-83,-81,-83,-100,-100,5
-100,-74,-65,-67,-58,-100,-76,-82,-82,-83,-83,-77,-79,-79,-82,-100,-100,5
-100,-83,-65,-60,-62,-100,-72,-100,-100,-90,-100,-82,-82,-80,-82,-100,-100,5
-100,-69,-72,-49,-49,-100,-82,-100,-84,-100,-86,-100,-81,-79,-78,-100,-100,5
-100,-67,-63,-63,-65,-100,-77,-86,-86,-100,-100,-80,-77,-79,-81,-100,-100,5
-100,-76,-63,-70,-54,-100,-80,-87,-88,-87,-100,-77,-76,-77,-77,-100,-100,5
-100,-72,-65,-64,-59,-100,-79,-85,-86,-86,-100,-81,-80,-81,-82,-100,-100,5
-89,-67,-63,-66,-56,-90,-82,-81,-81,-100,-81,-79,-78,-78,-78,-100,-100,5
-100,-74,-71,-52,-59,-100,-78,-100,-100,-100,-100,-85,-83,-87,-86,-100,-100,5
-100,-72,-66,-66,-51,-88,-80,-100,-88,-91,-100,-79,-81,-81,-85,-100,-100,5
-100,-76,-61,-63,-62,-87,-70,-85,-84,-85,-85,-73,-72,-73,-72,-100,-100,5
-100,-76,-63,-52,-52,-100,-69,-100,-100,-100,-100,-75,-79,-75,-75,-100,-100,5
-86,-78,-62,-65,-58,-100,-84,-87,-87,-87,-100,-80,-82,-81,-81,-100,-100,5
-100,-83,-72,-60,-61,-100,-72,-86,-88,-100,-86,-74,-75,-75,-76,-100,-100,5
-100,-79,-64,-61,-51,-91,-67,-100,-100,-100,-100,-79,-78,-78,-78,-100,-100,5
-100,-82,-63,-64,-53,-91,-74,-87,-88,-88,-88,-81,-80,-80,-80,-100,-100,5
-87,-73,-61,-62,-52,-100,-76,-100,-100,-100,-100,-83,-85,-84,-84,-100,-100,5
-100,-74,-72,-67,-61,-88,-80,-100,-87,-89,-100,-79,-83,-80,-78,-100,-100,5
-100,-79,-70,-56,-56,-100,-68,-100,-100,-100,-100,-85,-90,-86,-86,-100,-100,5
-81,-68,-75,-49,-59,-91,-68,-83,-100,-86,-85,-74,-74,-73,-74,-100,-100,5
-100,-76,-67,-63,-59,-90,-83,-88,-100,-100,-88,-80,-80,-82,-80,-100,-100,5
-100,-76,-72,-67,-53,-100,-80,-100,-100,-100,-100,-100,-100,-100,-100,-100,-100,5
-85,-71,-65,-59,-66,-87,-79,-80,-80,-80,-80,-75,-73,-72,-71,-100,-100,5
-100,-76,-66,-58,-52,-91,-67,-88,-100,-100,-100,-75,-74,-75,-81,-100,-100,5
-92,-68,-66,-54,-62,-86,-79,-100,-100,-100,-90,-78,-82,-75,-76,-100,-100,5
-100,-73,-62,-67,-57,-84,-73,-100,-87,-100,-100,-100,-73,-73,-74,-100,-100,5
-88,-80,-59,-58,-66,-100,-74,-86,-90,-82,-86,-80,-79,-81,-78,-100,-100,5
-100,-100,-70,-67,-49,-100,-78,-89,-85,-87,-88,-74,-73,-76,-75,-100,-94,5
-100,-73,-62,-61,-63,-88,-70,-100,-91,-89,-100,-80,-83,-80,-82,-100,-100,5
-100,-81,-66,-63,-60,-92,-68,-100,-100,-100,-92,-80,-76,-79,-79,-100,-100,5
-100,-75,-63,-65,-60,-83,-77,-86,-84,-100,-89,-83,-80,-81,-100,-100,-100,5
-100,-75,-67,-54,-57,-86,-75,-86,-85,-100,-100,-83,-100,-77,-78,-100,-100,5
-100,-80,-64,-62,-54,-100,-76,-100,-100,-100,-100,-100,-80,-79,-80,-100,-100,5
-100,-77,-68,-62,-52,-93,-77,-94,-92,-100,-100,-100,-100,-100,-100,-100,-100,5
-100,-79,-71,-64,-60,-92,-88,-86,-89,-100,-90,-77,-79,-77,-84,-100,-100,5
-100,-80,-67,-57,-52,-88,-65,-87,-90,-88,-87,-77,-77,-76,-75,-100,-100,5
-100,-72,-64,-63,-56,-90,-80,-86,-100,-100,-100,-80,-80,-79,-81,-100,-100,5
-100,-74,-69,-58,-53,-100,-74,-88,-89,-89,-87,-75,-76,-75,-75,-100,-100,5
-90,-74,-62,-68,-60,-92,-79,-89,-87,-86,-85,-82,-82,-80,-80,-100,-100,5
-100,-73,-57,-68,-61,-90,-78,-93,-100,-89,-100,-75,-74,-73,-75,-100,-100,5
-100,-73,-68,-59,-56,-85,-68,-88,-100,-91,-88,-78,-79,-81,-85,-100,-100,5
-86,-88,-64,-63,-66,-88,-74,-82,-82,-81,-81,-74,-73,-76,-76,-100,-100,5
-100,-80,-75,-64,-49,-100,-82,-100,-92,-90,-89,-91,-93,-91,-100,-100,-100,5
-100,-100,-71,-60,-52,-89,-74,-90,-87,-100,-100,-84,-79,-82,-77,-100,-100,5
-100,-81,-67,-55,-60,-100,-73,-100,-100,-100,-100,-84,-83,-83,-83,-100,-100,5
-89,-82,-68,-71,-62,-93,-74,-86,-87,-100,-87,-76,-76,-74,-77,-100,-100,5
-100,-73,-66,-65,-53,-91,-72,-100,-100,-92,-90,-79,-81,-80,-79,-100,-100,5
-100,-75,-65,-66,-59,-100,-81,-87,-88,-88,-88,-81,-80,-81,-80,-100,-100,5
-85,-75,-72,-64,-57,-100,-78,-83,-83,-83,-82,-80,-82,-82,-78,-100,-100,5
-100,-79,-64,-48,-51,-100,-69,-89,-100,-89,-90,-82,-81,-82,-82,-100,-100,5
-100,-75,-69,-50,-53,-100,-73,-100,-100,-100,-100,-75,-75,-75,-75,-100,-93,5
-100,-81,-63,-55,-59,-90,-71,-100,-100,-100,-91,-76,-78,-79,-75,-100,-100,5
-100,-80,-65,-55,-64,-89,-71,-91,-88,-89,-88,-75,-76,-79,-79,-100,-100,5
-100,-80,-67,-58,-50,-100,-74,-100,-100,-100,-89,-81,-80,-79,-82,-100,-100,5
-100,-76,-68,-56,-59,-100,-70,-86,-85,-87,-86,-77,-77,-80,-77,-100,-100,5
-100,-67,-67,-54,-59,-100,-64,-87,-87,-100,-88,-80,-80,-83,-80,-100,-100,5
-100,-75,-71,-63,-58,-100,-80,-89,-91,-91,-100,-87,-81,-83,-85,-100,-100,5
-100,-100,-71,-52,-50,-100,-65,-100,-100,-100,-100,-87,-84,-87,-83,-100,-100,5
-100,-77,-70,-48,-47,-100,-68,-100,-88,-100,-100,-79,-79,-80,-81,-100,-100,5
-82,-70,-60,-68,-66,-91,-79,-87,-85,-87,-86,-76,-75,-75,-76,-100,-100,5
-100,-71,-61,-59,-66,-100,-84,-85,-91,-100,-88,-81,-100,-83,-80,-100,-100,5
-100,-77,-68,-52,-58,-87,-69,-88,-86,-87,-100,-71,-70,-70,-72,-100,-100,5
-100,-74,-64,-57,-50,-100,-74,-87,-100,-85,-85,-82,-80,-79,-82,-100,-100,5
-100,-73,-63,-61,-53,-92,-74,-84,-82,-100,-100,-80,-83,-77,-78,-100,-100,5
-83,-77,-62,-58,-56,-100,-79,-100,-100,-100,-100,-80,-79,-78,-77,-100,-100,5
-100,-68,-63,-61,-70,-100,-74,-88,-90,-86,-100,-81,-85,-81,-80,-100,-100,5
-100,-76,-67,-58,-54,-91,-78,-88,-100,-87,-100,-79,-79,-79,-79,-100,-100,5
-100,-76,-59,-57,-53,-90,-74,-100,-100,-100,-89,-81,-80,-81,-85,-100,-100,5
-100,-73,-63,-68,-58,-91,-79,-85,-86,-85,-84,-75,-74,-74,-74,-100,-100,5
-100,-71,-65,-73,-57,-100,-73,-100,-100,-100,-92,-84,-83,-83,-82,-100,-100,5
-100,-100,-71,-62,-63,-92,-80,-91,-91,-85,-100,-87,-84,-88,-82,-100,-100,5
-100,-71,-64,-62,-61,-90,-75,-90,-88,-100,-91,-82,-83,-82,-82,-100,-100,5
-100,-100,-68,-58,-42,-100,-86,-100,-89,-100,-100,-85,-81,-87,-86,-100,-100,5
-87,-75,-71,-64,-62,-100,-85,-86,-100,-100,-100,-81,-81,-82,-84,-100,-100,5
-100,-71,-66,-68,-57,-100,-78,-94,-100,-100,-100,-82,-80,-81,-81,-100,-100,5
-100,-71,-75,-61,-51,-100,-77,-100,-100,-100,-100,-82,-82,-82,-81,-100,-100,5
-100,-79,-67,-67,-56,-100,-86,-88,-89,-90,-92,-84,-84,-82,-84,-100,-100,5
-100,-100,-64,-67,-63,-100,-86,-92,-87,-90,-89,-85,-81,-83,-83,-100,-100,5
-100,-100,-100,-54,-100,-94,-79,-88,-88,-89,-90,-82,-83,-85,-100,-100,-100,5
-100,-75,-62,-68,-52,-91,-81,-87,-90,-90,-100,-84,-83,-80,-82,-100,-100,5
-100,-81,-63,-73,-59,-100,-84,-87,-88,-100,-86,-83,-82,-82,-85,-100,-100,5
-100,-86,-65,-64,-50,-100,-86,-86,-86,-100,-85,-87,-88,-85,-86,-100,-100,5
-100,-75,-67,-53,-49,-91,-87,-87,-91,-89,-100,-80,-82,-84,-81,-100,-100,5
-100,-100,-100,-64,-100,-100,-81,-100,-100,-100,-100,-89,-89,-90,-89,-100,-100,5
-100,-75,-71,-77,-60,-100,-81,-100,-100,-92,-88,-81,-81,-79,-78,-100,-100,5
