ID,Abyusif,abram Gad,STUDBME2,BMES_Secrelary,ESP32_One,Saeed,Sbme-Staff,CMP LAB1,CMP LAB2,CMP LAB3,CMP LAB4,CMP_LAB1,CMP_LAB2,CMP_LAB3,CMP_LAB4,Lab-admin,RehabLab,label
0,-100,-100,-55,-76,-81,-100,-100,-69,-68,-69,-67,-55,-56,-55,-55,-76.09,-69.0,1
1,-100,-100,-57,-71,-68,-100,-100,-65,-69,-69,-69,-49,-48,-49,-48,-73.0,-69.0,1
2,-100,-100,-52,-69,-70,-100,-100,-61,-60,-62,-61,-54,-56,-52,-52,-72.0,-66.0,1
3,-100,-100,-54,-72,-69,-100,-100,-60,-63,-62,-100,-44,-45,-42,-41,-76.09,-67.0,1
4,-100,-100,-50,-71,-66,-100,-100,-58,-58,-59,-60,-44,-45,-45,-45,-71.0,-59.0,1
5,-100,-100,-43,-74,-73,-100,-100,-68,-67,-69,-100,-49,-47,-45,-44,-71.0,-64.0,1
6,-100,-100,-53,-80,-69,-100,-100,-62,-100,-69,-66,-40,-39,-39,-40,-73.0,-74.944,1
7,-100,-100,-51,-75,-78,-100,-100,-100,-75,-69,-72,-44,-43,-43,-42,-69.0,-73.0,1
8,-100,-100,-55,-100,-82,-100,-100,-60,-62,-60,-59,-48,-51,-50,-49,-70.0,-65.0,1
9,-100,-100,-53,-72,-78,-100,-100,-100,-65,-100,-100,-52,-52,-53,-51,-76.0,-71.0,1
10,-100,-100,-46,-83,-70,-100,-100,-63,-64,-65,-66,-55,-57,-56,-57,-75.0,-65.0,1
11,-100,-100,-50,-74,-71,-100,-100,-69,-100,-69,-69,-51,-44,-45,-49,-82.0,-64.0,1
12,-100,-100,-51,-77,-81,-100,-100,-76,-68,-67,-68,-52,-60,-53,-56,-80.0,-71.0,1
13,-100,-100,-52,-68,-69,-100,-100,-64,-63,-64,-63,-48,-48,-54,-51,-68.0,-74.944,1
14,-100,-100,-46,-66,-65,-100,-100,-68,-100,-68,-67,-50,-50,-50,-50,-74.0,-67.0,1
15,-100,-100,-45,-67,-66,-100,-100,-100,-74,-100,-100,-50,-48,-50,-49,-79.0,-74.944,1
16,-100,-100,-51,-70,-69,-100,-100,-67,-67,-66,-66,-47,-49,-49,-49,-66.0,-72.0,1
17,-100,-100,-46,-76,-71,-100,-100,-100,-67,-69,-68,-47,-48,-49,-48,-72.0,-71.0,1
18,-100,-100,-46,-68,-71,-100,-100,-71,-68,-68,-73,-51,-50,-51,-50,-77.0,-74.944,1
19,-100,-100,-54,-73,-71,-100,-100,-100,-66,-66,-69,-47,-45,-47,-45,-69.0,-62.0,1
20,-100,-100,-55,-79,-75,-100,-100,-68,-68,-67,-67,-45,-46,-45,-46,-70.0,-74.944,1
21,-100,-100,-46,-75,-72,-100,-100,-57,-58,-59,-60,-34,-36,-37,-34,-65.0,-65.0,1
22,-100,-100,-41,-63,-64,-100,-100,-61,-61,-62,-64,-50,-49,-42,-43,-65.0,-67.0,1
23,-100,-100,-45,-79,-66,-100,-100,-64,-59,-57,-62,-51,-49,-49,-48,-74.0,-62.0,1
24,-100,-100,-43,-74,-73,-100,-100,-62,-62,-62,-62,-44,-43,-42,-43,-76.09,-69.0,1
25,-100,-100,-57,-75,-79,-100,-100,-68,-66,-63,-100,-55,-55,-56,-57,-76.0,-66.0,1
26,-100,-100,-52,-72,-77,-100,-100,-67,-69,-63,-68,-43,-43,-43,-43,-75.0,-61.0,1
27,-100,-100,-44,-74,-68,-100,-100,-100,-65,-66,-66,-44,-46,-47,-44,-71.0,-57.0,1
28,-100,-100,-50,-74,-73,-100,-100,-75,-72,-72,-71,-54,-50,-52,-50,-76.09,-77.0,1
29,-100,-100,-52,-69,-70,-100,-100,-66,-69,-69,-69,-52,-53,-53,-55,-82.0,-70.0,1
30,-100,-100,-49,-100,-74,-100,-100,-74,-68,-71,-100,-58,-54,-62,-58,-80.0,-69.0,1
31,-100,-100,-47,-74,-77,-100,-100,-65,-64,-66,-75,-51,-52,-51,-53,-76.0,-72.0,1
32,-100,-100,-47,-74,-73,-100,-100,-66,-65,-65,-65,-50,-51,-49,-50,-75.0,-67.0,1
33,-100,-100,-49,-78,-71,-100,-100,-72,-69,-67,-100,-65,-57,-57,-59,-76.09,-74.944,1
34,-100,-100,-50,-74,-75,-100,-100,-100,-63,-64,-64,-51,-51,-50,-50,-77.0,-70.0,1
35,-100,-100,-53,-69,-82,-100,-100,-69,-67,-66,-63,-53,-52,-56,-57,-77.0,-74.944,1
36,-100,-100,-45,-74,-73,-100,-100,-65,-64,-64,-100,-52,-52,-48,-51,-67.0,-74.944,1
37,-100,-100,-42,-75,-76,-100,-100,-61,-63,-62,-61,-49,-49,-49,-49,-74.0,-71.0,1
38,-100,-100,-47,-87,-69,-100,-100,-63,-70,-62,-63,-55,-59,-63,-61,-76.09,-78.0,1
39,-100,-100,-49,-69,-69,-100,-100,-72,-100,-100,-68,-46,-45,-47,-48,-71.0,-68.0,1
40,-100,-100,-46,-68,-70,-100,-100,-64,-63,-63,-64,-41,-39,-40,-41,-71.0,-64.0,1
41,-100,-100,-59,-74,-77,-100,-100,-71,-72,-71,-71,-60,-61,-59,-62,-73.0,-72.0,1
42,-100,-100,-54,-75,-68,-100,-100,-66,-69,-71,-100,-47,-44,-48,-45,-76.0,-65.0,1
43,-100,-100,-51,-100,-75,-100,-100,-60,-57,-57,-59,-49,-48,-48,-46,-70.0,-65.0,1
44,-100,-100,-47,-69,-71,-100,-100,-69,-73,-68,-68,-49,-50,-52,-52,-82.0,-74.944,1
45,-100,-100,-49,-100,-72,-100,-100,-62,-61,-69,-68,-49,-49,-47,-48,-79.0,-73.0,1
46,-100,-100,-61,-77,-78,-100,-100,-65,-65,-64,-68,-49,-49,-49,-46,-73.0,-74.944,1
47,-100,-100,-53,-73,-72,-100,-100,-63,-61,-62,-61,-40,-40,-40,-40,-70.0,-62.0,1
48,-100,-100,-57,-76,-73,-100,-100,-64,-64,-63,-64,-40,-44,-41,-43,-72.0,-74.944,1
49,-100,-100,-50,-79,-72,-100,-100,-67,-64,-65,-68,-54,-54,-51,-53,-72.0,-69.0,1
50,-100,-100,-54,-77,-69,-100,-100,-59,-61,-65,-62,-51,-50,-52,-51,-71.0,-65.0,1
51,-100,-100,-40,-66,-68,-100,-100,-65,-65,-59,-100,-49,-50,-48,-49,-65.0,-65.0,1
52,-100,-100,-47,-71,-73,-100,-100,-70,-100,-63,-65,-52,-53,-58,-57,-70.0,-69.0,1
53,-100,-100,-54,-76,-68,-100,-100,-59,-60,-60,-61,-44,-45,-46,-42,-68.0,-69.0,1
54,-100,-100,-47,-64,-70,-100,-100,-56,-60,-58,-100,-48,-47,-47,-45,-75.0,-74.944,1
55,-100,-100,-44,-63,-65,-100,-100,-63,-63,-69,-100,-44,-44,-46,-45,-65.0,-74.944,1
56,-100,-100,-54,-75,-72,-100,-100,-63,-64,-62,-100,-48,-48,-50,-52,-72.0,-69.0,1
57,-100,-100,-49,-69,-73,-100,-100,-64,-64,-64,-66,-45,-45,-46,-47,-76.09,-67.0,1
58,-100,-100,-49,-74,-78,-100,-100,-65,-63,-63,-62,-52,-53,-53,-53,-77.0,-65.0,1
59,-100,-100,-54,-100,-73,-100,-100,-100,-72,-69,-67,-55,-55,-54,-53,-78.0,-78.0,1
60,-100,-100,-49,-100,-78,-100,-100,-66,-68,-60,-63,-45,-44,-46,-44,-80.0,-65.0,1
61,-100,-100,-48,-100,-75,-100,-100,-70,-63,-65,-62,-42,-42,-44,-43,-69.0,-73.0,1
62,-100,-100,-50,-75,-74,-100,-100,-67,-66,-65,-100,-47,-47,-49,-49,-67.0,-59.0,1
63,-100,-100,-50,-79,-76,-100,-100,-65,-62,-69,-62,-58,-58,-57,-57,-72.0,-66.0,1
64,-100,-100,-50,-80,-71,-100,-100,-63,-64,-59,-63,-47,-44,-47,-45,-69.0,-63.0,1
65,-100,-100,-46,-76,-73,-100,-100,-73,-71,-75,-71,-52,-53,-53,-53,-81.0,-64.0,1
66,-100,-100,-50,-71,-77,-100,-100,-64,-63,-64,-65,-52,-52,-53,-49,-77.0,-62.0,1
67,-100,-100,-51,-80,-74,-100,-100,-67,-69,-70,-100,-51,-52,-57,-54,-71.0,-65.0,1
68,-100,-100,-52,-100,-73,-100,-100,-65,-64,-64,-64,-45,-44,-45,-44,-74.0,-69.0,1
69,-100,-100,-41,-68,-75,-100,-100,-61,-100,-100,-100,-49,-49,-47,-47,-66.0,-74.944,1
70,-100,-100,-52,-74,-77,-100,-100,-71,-100,-100,-100,-45,-44,-46,-46,-76.09,-74.944,1
71,-100,-100,-48,-71,-69,-100,-100,-66,-69,-68,-100,-52,-55,-54,-55,-77.0,-69.0,1
72,-100,-100,-55,-74,-72,-100,-100,-74,-72,-71,-71,-52,-53,-53,-53,-78.0,-69.0,1
73,-100,-100,-47,-70,-74,-100,-100,-70,-61,-69,-100,-44,-46,-44,-44,-75.0,-71.0,1
74,-100,-100,-43,-75,-79,-100,-100,-65,-66,-67,-67,-50,-52,-52,-52,-73.0,-70.0,1
75,-100,-100,-45,-73,-73,-100,-100,-64,-62,-66,-100,-49,-46,-46,-50,-69.0,-74.944,1
76,-100,-100,-47,-74,-72,-100,-100,-62,-63,-100,-65,-45,-43,-44,-46,-69.0,-59.0,1
77,-100,-100,-51,-75,-67,-100,-100,-65,-67,-66,-66,-44,-43,-44,-43,-67.0,-65.0,1
78,-100,-100,-50,-74,-67,-100,-100,-70,-68,-68,-69,-48,-49,-49,-49,-65.0,-68.0,1
79,-100,-100,-48,-75,-72,-100,-100,-63,-100,-67,-67,-48,-47,-47,-48,-72.0,-74.944,1
80,-100,-100,-44,-74,-68,-100,-100,-67,-65,-100,-66,-48,-51,-48,-48,-70.0,-62.0,1
81,-100,-100,-43,-73,-73,-100,-100,-64,-65,-65,-65,-54,-54,-55,-53,-74.0,-68.0,1
82,-100,-100,-49,-69,-77,-100,-100,-65,-64,-64,-65,-45,-45,-45,-44,-74.0,-60.0,1
83,-100,-100,-42,-64,-69,-100,-100,-66,-65,-65,-66,-38,-39,-39,-39,-76.09,-66.0,1
84,-100,-100,-45,-78,-76,-100,-100,-76,-76,-73,-100,-39,-40,-42,-40,-72.0,-71.0,1
85,-100,-100,-51,-78,-71,-100,-100,-66,-67,-67,-65,-41,-42,-42,-43,-67.0,-69.0,1
86,-100,-100,-53,-73,-75,-100,-100,-100,-100,-67,-65,-40,-41,-42,-40,-76.09,-59.0,1
87,-100,-100,-42,-73,-68,-100,-100,-70,-72,-100,-70,-46,-45,-45,-46,-76.09,-61.0,1
88,-100,-100,-53,-77,-78,-100,-100,-68,-64,-66,-66,-46,-43,-44,-43,-71.0,-69.0,1
89,-100,-100,-44,-68,-69,-100,-100,-73,-74,-73,-73,-55,-56,-56,-56,-75.0,-74.944,1
90,-100,-100,-57,-77,-72,-100,-100,-68,-69,-69,-100,-41,-42,-41,-41,-73.0,-74.944,1
91,-100,-100,-53,-79,-75,-100,-100,-63,-59,-100,-63,-39,-39,-39,-41,-76.09,-66.0,1
92,-100,-100,-53,-77,-64,-100,-100,-65,-65,-73,-73,-55,-53,-75,-53,-78.0,-68.0,1
93,-100,-100,-48,-64,-72,-100,-100,-68,-70,-69,-70,-48,-48,-48,-48,-66.0,-66.0,1
94,-100,-100,-60,-79,-71,-100,-100,-66,-70,-68,-65,-51,-49,-52,-56,-73.0,-70.0,1
95,-100,-100,-48,-70,-72,-100,-100,-100,-100,-100,-100,-56,-57,-59,-60,-76.0,-74.944,1
96,-100,-100,-50,-69,-79,-100,-100,-67,-67,-71,-69,-41,-40,-40,-44,-74.0,-67.0,1
97,-100,-100,-45,-70,-70,-100,-100,-67,-69,-70,-67,-43,-41,-40,-41,-71.0,-55.0,1
98,-100,-100,-43,-78,-76,-100,-100,-66,-66,-67,-67,-41,-41,-42,-43,-69.0,-68.0,1
99,-100,-100,-41,-76,-69,-100,-100,-61,-61,-61,-60,-44,-38,-39,-40,-70.0,-54.0,1
100,-100,-100,-57,-76,-72,-100,-100,-68,-66,-61,-66,-50,-50,-53,-50,-74.0,-74.944,1
101,-100,-100,-49,-74,-66,-100,-100,-63,-65,-60,-63,-46,-47,-48,-48,-76.09,-74.944,1
102,-100,-100,-51,-70,-72,-100,-100,-62,-61,-63,-62,-40,-41,-40,-40,-68.0,-65.0,1
103,-100,-100,-45,-77,-78,-100,-100,-100,-65,-64,-66,-41,-41,-41,-41,-69.0,-59.0,1
104,-100,-100,-51,-70,-75,-100,-100,-64,-64,-63,-63,-43,-43,-43,-44,-77.0,-60.0,1
105,-100,-100,-48,-75,-70,-100,-100,-66,-65,-64,-63,-43,-43,-43,-43,-74.0,-58.0,1
106,-100,-100,-45,-76,-67,-100,-100,-70,-71,-66,-67,-52,-50,-50,-47,-74.0,-65.0,1
107,-100,-100,-55,-76,-70,-100,-100,-66,-67,-70,-76,-48,-49,-49,-49,-79.0,-68.0,1
108,-100,-100,-45,-67,-66,-100,-100,-60,-60,-59,-60,-45,-45,-44,-45,-80.0,-74.944,1
109,-100,-100,-45,-77,-76,-100,-100,-63,-63,-63,-64,-44,-47,-47,-46,-71.0,-74.944,1
110,-100,-100,-45,-76,-72,-100,-100,-62,-61,-61,-61,-45,-47,-47,-47,-68.0,-72.0,1
111,-100,-100,-42,-73,-67,-100,-100,-61,-61,-61,-61,-46,-46,-46,-46,-70.0,-72.0,1
112,-100,-100,-46,-74,-69,-100,-100,-76,-77,-77,-100,-61,-61,-61,-61,-75.0,-74.944,1
113,-100,-100,-62,-88,-100,-100,-100,-72,-70,-70,-69,-60,-55,-58,-56,-79.0,-74.944,1
114,-100,-100,-48,-77,-77,-100,-100,-63,-62,-63,-63,-53,-55,-54,-53,-75.0,-73.0,1
115,-100,-100,-43,-69,-72,-100,-100,-62,-62,-62,-62,-47,-49,-48,-48,-72.0,-74.944,1
116,-100,-100,-44,-70,-69,-100,-100,-62,-61,-62,-61,-48,-48,-48,-49,-71.0,-75.0,1
117,-100,-100,-46,-70,-71,-100,-100,-62,-62,-61,-62,-49,-49,-47,-49,-71.0,-78.0,1
118,-100,-100,-44,-68,-70,-100,-100,-64,-62,-62,-61,-48,-47,-48,-47,-72.0,-76.0,1
119,-100,-100,-42,-70,-71,-100,-100,-62,-62,-62,-62,-47,-46,-46,-46,-72.0,-76.0,1
120,-100,-100,-45,-70,-72,-100,-100,-64,-62,-62,-62,-45,-45,-47,-47,-73.0,-74.944,1
121,-100,-100,-44,-72,-73,-100,-100,-62,-62,-62,-62,-48,-48,-48,-48,-71.0,-69.0,1
122,-100,-100,-41,-72,-68,-100,-100,-61,-62,-64,-61,-43,-43,-43,-43,-72.0,-76.0,1
123,-100,-100,-41,-71,-70,-100,-100,-62,-62,-62,-64,-45,-44,-45,-43,-70.0,-74.944,1
124,-100,-100,-44,-71,-69,-100,-100,-61,-61,-61,-60,-41,-42,-44,-42,-71.0,-81.0,1
125,-100,-100,-42,-73,-70,-100,-100,-62,-62,-62,-62,-45,-44,-45,-43,-71.0,-74.944,1
126,-100,-100,-45,-71,-70,-100,-100,-61,-61,-62,-63,-45,-45,-45,-45,-69.0,-75.0,1
127,-100,-100,-44,-69,-69,-100,-100,-60,-61,-61,-63,-41,-44,-42,-44,-69.0,-79.0,1
128,-100,-100,-45,-71,-70,-100,-100,-61,-61,-61,-61,-44,-43,-43,-45,-69.0,-78.0,1
129,-100,-100,-44,-70,-68,-100,-100,-61,-61,-61,-61,-42,-42,-44,-44,-69.0,-74.944,1
130,-100,-100,-44,-79,-72,-100,-100,-61,-61,-61,-60,-42,-41,-41,-44,-70.0,-74.944,1
131,-100,-100,-43,-71,-69,-100,-100,-63,-60,-60,-60,-42,-44,-44,-42,-69.0,-74.944,1
132,-100,-100,-44,-74,-72,-100,-100,-61,-60,-61,-60,-41,-43,-44,-43,-71.0,-79.0,1
133,-100,-100,-43,-71,-70,-100,-100,-61,-61,-60,-62,-42,-43,-41,-41,-69.0,-78.0,1
134,-100,-100,-43,-70,-70,-100,-100,-63,-63,-60,-61,-42,-41,-43,-43,-71.0,-78.0,1
135,-100,-100,-45,-71,-68,-100,-100,-60,-60,-60,-61,-42,-41,-41,-41,-70.0,-74.944,1
136,-100,-100,-45,-73,-67,-100,-100,-60,-59,-60,-59,-41,-42,-41,-44,-71.0,-74.0,1
137,-100,-100,-42,-75,-71,-100,-100,-64,-63,-62,-62,-46,-46,-47,-47,-72.0,-78.0,1
138,-100,-100,-44,-71,-79,-100,-100,-62,-63,-62,-63,-44,-44,-44,-46,-71.0,-74.0,1
139,-100,-100,-44,-73,-73,-100,-100,-63,-63,-63,-63,-44,-44,-45,-45,-70.0,-74.0,1
140,-100,-100,-41,-75,-70,-100,-100,-63,-63,-63,-63,-44,-44,-44,-45,-69.0,-74.944,1
141,-100,-100,-42,-75,-79,-100,-100,-63,-63,-63,-63,-43,-46,-46,-44,-73.0,-74.944,1
142,-100,-100,-42,-76,-72,-100,-100,-62,-62,-62,-62,-46,-46,-43,-44,-71.0,-75.0,1
143,-100,-100,-42,-76,-71,-100,-100,-62,-62,-62,-62,-46,-46,-46,-46,-73.0,-75.0,1
144,-100,-100,-43,-68,-77,-100,-100,-62,-62,-63,-62,-46,-46,-46,-44,-68.0,-74.944,1
145,-100,-100,-43,-72,-76,-100,-100,-64,-65,-62,-63,-44,-44,-45,-45,-69.0,-75.0,1
146,-100,-100,-43,-71,-80,-100,-100,-63,-63,-64,-64,-45,-44,-44,-46,-76.09,-74.0,1
147,-100,-100,-41,-83,-68,-100,-100,-66,-64,-65,-65,-55,-52,-49,-50,-73.0,-69.0,1
148,-100,-100,-49,-84,-74,-100,-100,-69,-66,-66,-66,-47,-46,-49,-43,-79.0,-67.0,1
149,-100,-100,-47,-68,-74,-100,-100,-66,-65,-67,-66,-45,-47,-44,-47,-76.0,-64.0,1
150,-100,-100,-46,-69,-76,-100,-100,-70,-70,-72,-70,-46,-45,-46,-44,-76.0,-65.0,1
151,-100,-100,-45,-69,-74,-100,-100,-70,-69,-71,-70,-46,-43,-44,-43,-76.0,-65.0,1
152,-100,-100,-47,-67,-69,-100,-100,-65,-65,-67,-65,-43,-43,-47,-46,-80.0,-64.0,1
153,-100,-100,-48,-68,-66,-100,-100,-72,-73,-73,-73,-46,-45,-43,-47,-75.0,-67.0,1
154,-100,-100,-44,-65,-69,-100,-100,-66,-67,-67,-67,-44,-44,-45,-45,-78.0,-65.0,1
155,-100,-100,-53,-67,-71,-100,-100,-69,-74,-69,-100,-47,-47,-49,-48,-76.0,-69.0,1
156,-100,-100,-48,-70,-72,-100,-100,-65,-66,-69,-67,-53,-54,-54,-54,-74.0,-69.0,1
157,-100,-100,-53,-75,-72,-100,-100,-70,-65,-63,-66,-45,-47,-48,-48,-71.0,-74.944,1
158,-100,-100,-43,-75,-77,-100,-100,-76,-72,-75,-74,-52,-51,-50,-51,-70.0,-65.0,1
159,-100,-100,-52,-72,-75,-100,-100,-67,-62,-66,-65,-53,-53,-52,-52,-71.0,-65.0,1
160,-100,-100,-51,-71,-71,-100,-100,-70,-70,-69,-69,-51,-48,-48,-48,-76.0,-75.0,1
161,-100,-100,-50,-76,-69,-100,-100,-68,-67,-67,-68,-52,-52,-51,-49,-75.0,-69.0,1
162,-100,-100,-51,-71,-74,-100,-100,-67,-70,-69,-68,-62,-54,-52,-58,-73.0,-76.0,1
163,-100,-100,-46,-69,-69,-100,-100,-68,-68,-68,-69,-53,-55,-54,-54,-75.0,-77.0,1
164,-100,-100,-47,-70,-69,-100,-100,-66,-65,-68,-68,-54,-56,-54,-55,-75.0,-74.944,1
165,-100,-100,-49,-79,-69,-100,-100,-68,-66,-66,-66,-60,-60,-59,-58,-74.0,-65.0,1
166,-100,-100,-49,-69,-71,-100,-100,-71,-73,-71,-73,-52,-53,-53,-52,-75.0,-69.0,1
167,-100,-100,-58,-73,-72,-100,-100,-66,-63,-68,-69,-45,-45,-45,-47,-75.0,-72.0,1
168,-100,-100,-52,-71,-74,-100,-100,-65,-65,-65,-67,-56,-54,-54,-54,-74.0,-65.0,1
169,-100,-100,-55,-72,-66,-100,-100,-68,-70,-69,-67,-59,-59,-61,-64,-80.0,-72.0,1
170,-100,-100,-50,-79,-76,-100,-100,-68,-70,-71,-70,-49,-49,-52,-49,-74.0,-68.0,1
171,-100,-100,-49,-71,-66,-100,-100,-100,-65,-68,-100,-46,-46,-47,-48,-75.0,-70.0,1
172,-100,-100,-47,-72,-78,-100,-100,-67,-67,-68,-67,-46,-47,-49,-50,-74.0,-69.0,1
173,-100,-100,-56,-70,-72,-100,-100,-71,-71,-67,-71,-52,-51,-52,-52,-77.0,-74.944,1
174,-100,-100,-55,-79,-77,-100,-100,-76,-76,-73,-76,-52,-49,-50,-51,-78.0,-74.944,1
175,-100,-100,-56,-84,-78,-100,-100,-76,-74,-76,-76,-52,-52,-52,-52,-79.0,-66.0,1
176,-100,-100,-49,-78,-81,-100,-100,-79,-80,-83,-79,-50,-51,-51,-52,-77.0,-68.0,1
177,-100,-100,-57,-100,-77,-100,-100,-68,-67,-67,-68,-52,-52,-52,-49,-76.0,-67.0,1
178,-100,-100,-49,-100,-82,-100,-100,-69,-69,-71,-72,-52,-51,-54,-51,-78.0,-69.0,1
179,-100,-100,-54,-100,-100,-100,-100,-67,-67,-67,-68,-51,-49,-49,-52,-80.0,-74.944,1
180,-100,-100,-57,-100,-78,-100,-100,-70,-70,-70,-69,-53,-51,-49,-52,-77.0,-66.0,1
181,-100,-100,-56,-80,-78,-100,-100,-70,-70,-71,-70,-50,-47,-51,-52,-81.0,-67.0,1
182,-100,-100,-58,-100,-76,-100,-100,-71,-71,-71,-71,-52,-52,-50,-52,-75.0,-67.0,1
183,-100,-100,-55,-100,-80,-100,-100,-71,-72,-72,-72,-52,-50,-52,-48,-77.0,-68.0,1
184,-100,-100,-54,-80,-80,-100,-100,-68,-68,-68,-69,-53,-52,-49,-50,-79.0,-67.0,1
185,-100,-100,-53,-100,-100,-100,-100,-74,-74,-76,-74,-52,-54,-51,-54,-79.0,-66.0,1
186,-100,-100,-51,-100,-74,-100,-100,-76,-72,-71,-75,-49,-50,-50,-52,-77.0,-66.0,1
187,-100,-100,-50,-100,-80,-100,-100,-69,-69,-69,-69,-49,-48,-48,-50,-81.0,-66.0,1
188,-100,-100,-53,-100,-73,-100,-100,-69,-71,-70,-69,-52,-53,-50,-50,-78.0,-65.0,1
189,-100,-100,-56,-80,-75,-100,-100,-68,-68,-68,-67,-50,-50,-50,-50,-76.0,-66.0,1
190,-100,-100,-52,-81,-76,-100,-100,-69,-68,-68,-68,-52,-49,-49,-49,-81.0,-66.0,1
191,-100,-100,-51,-100,-74,-100,-100,-70,-70,-71,-71,-51,-51,-53,-49,-77.0,-68.0,1
192,-100,-100,-54,-100,-73,-100,-100,-72,-72,-73,-74,-54,-54,-52,-51,-79.0,-68.0,1
193,-100,-100,-54,-100,-78,-100,-100,-76,-76,-77,-76,-53,-53,-55,-55,-78.0,-66.0,1
194,-100,-100,-49,-100,-73,-100,-100,-75,-75,-74,-76,-54,-52,-51,-51,-80.0,-67.0,1
195,-100,-100,-50,-100,-74,-100,-100,-75,-74,-75,-75,-50,-53,-50,-52,-79.0,-66.0,1
196,-100,-100,-47,-82,-77,-100,-100,-73,-73,-73,-74,-52,-52,-52,-54,-78.0,-74.944,1
197,-100,-100,-49,-83,-73,-100,-100,-72,-75,-74,-74,-54,-52,-53,-52,-76.0,-66.0,1
198,-100,-100,-47,-78,-74,-100,-100,-73,-73,-73,-73,-54,-54,-52,-52,-78.0,-67.0,1
199,-100,-100,-52,-82,-71,-100,-100,-72,-72,-72,-72,-54,-50,-53,-51,-79.0,-66.0,1
200,-100,-100,-58,-100,-73,-100,-100,-71,-72,-72,-71,-53,-51,-52,-52,-78.0,-69.0,1
201,-100,-100,-54,-78,-75,-100,-100,-73,-100,-75,-100,-52,-52,-50,-52,-79.0,-74.944,1
202,-100,-100,-52,-78,-74,-100,-100,-77,-77,-77,-77,-56,-56,-53,-55,-77.0,-68.0,1
203,-100,-100,-54,-80,-76,-100,-100,-72,-74,-76,-100,-57,-57,-55,-55,-78.0,-68.0,1
204,-100,-100,-57,-78,-75,-100,-100,-70,-71,-71,-70,-50,-49,-51,-51,-81.0,-66.0,1
205,-100,-100,-54,-100,-73,-100,-100,-70,-70,-71,-71,-52,-49,-48,-50,-81.0,-65.0,1
206,-100,-100,-52,-83,-81,-100,-100,-69,-69,-69,-69,-52,-49,-48,-48,-82.0,-67.0,1
207,-100,-100,-52,-83,-71,-100,-100,-71,-70,-70,-70,-49,-51,-52,-50,-78.0,-65.0,1
208,-100,-100,-54,-79,-74,-100,-100,-72,-73,-72,-72,-50,-47,-46,-49,-77.0,-74.944,1
209,-100,-100,-59,-79,-78,-100,-100,-75,-73,-76,-75,-54,-52,-59,-55,-76.0,-72.0,1
210,-100,-100,-54,-76,-78,-100,-100,-70,-70,-71,-72,-47,-54,-51,-50,-77.0,-74.0,1
211,-100,-100,-61,-81,-74,-100,-100,-73,-100,-72,-70,-52,-49,-49,-48,-78.0,-72.0,1
212,-100,-100,-60,-76,-71,-100,-100,-69,-69,-68,-70,-50,-52,-49,-50,-78.0,-74.0,1
213,-100,-100,-56,-75,-75,-100,-100,-71,-72,-71,-72,-48,-49,-51,-50,-76.09,-72.0,1
214,-100,-100,-63,-100,-72,-100,-100,-71,-72,-100,-72,-51,-50,-50,-52,-81.0,-72.0,1
215,-100,-100,-58,-100,-74,-100,-100,-70,-74,-72,-74,-51,-49,-50,-50,-76.09,-72.0,1
216,-100,-100,-57,-77,-75,-100,-100,-71,-69,-70,-71,-49,-52,-51,-52,-77.0,-73.0,1
217,-100,-100,-57,-76,-75,-100,-100,-70,-68,-68,-70,-47,-51,-52,-52,-76.0,-73.0,1
218,-100,-100,-54,-81,-74,-100,-100,-71,-71,-71,-72,-51,-49,-52,-49,-80.0,-73.0,1
219,-100,-100,-58,-76,-76,-100,-100,-71,-71,-71,-73,-52,-49,-49,-49,-76.0,-71.0,1
220,-100,-100,-64,-80,-73,-100,-100,-71,-71,-71,-71,-53,-51,-52,-50,-76.09,-74.0,1
221,-100,-100,-53,-74,-71,-100,-100,-69,-69,-70,-69,-52,-51,-49,-50,-76.09,-74.0,1
222,-100,-100,-56,-82,-78,-100,-100,-68,-68,-70,-69,-50,-51,-49,-51,-76.09,-76.0,1
223,-100,-100,-58,-83,-78,-100,-100,-73,-73,-73,-74,-54,-55,-54,-52,-76.0,-77.0,1
224,-100,-100,-54,-79,-72,-100,-100,-71,-70,-71,-72,-47,-49,-49,-52,-77.0,-73.0,1
225,-100,-100,-58,-78,-75,-100,-100,-73,-72,-73,-73,-52,-50,-50,-51,-76.09,-74.944,1
226,-100,-100,-59,-81,-72,-100,-100,-70,-70,-68,-68,-52,-54,-53,-52,-78.0,-73.0,1
227,-100,-100,-61,-77,-78,-100,-100,-72,-72,-72,-72,-51,-48,-47,-48,-77.0,-72.0,1
228,-100,-100,-56,-78,-75,-100,-100,-70,-70,-71,-71,-52,-49,-51,-51,-75.0,-71.0,1
229,-100,-100,-57,-84,-79,-100,-100,-71,-71,-71,-71,-51,-51,-51,-51,-77.0,-75.0,1
230,-100,-100,-59,-75,-74,-100,-100,-71,-71,-71,-70,-47,-47,-48,-49,-77.0,-72.0,1
231,-100,-100,-61,-75,-75,-100,-100,-71,-70,-71,-72,-53,-55,-56,-56,-76.0,-76.0,1
232,-100,-100,-57,-76,-76,-100,-100,-71,-72,-71,-71,-53,-53,-53,-50,-73.0,-73.0,1
233,-100,-100,-55,-81,-100,-100,-100,-72,-72,-72,-72,-47,-51,-48,-47,-81.0,-72.0,1
234,-100,-100,-54,-77,-74,-100,-100,-71,-68,-70,-69,-52,-52,-53,-53,-76.09,-72.0,1
235,-100,-100,-55,-75,-74,-100,-100,-71,-71,-71,-73,-54,-51,-52,-53,-82.0,-73.0,1
236,-100,-100,-58,-73,-74,-100,-100,-72,-70,-72,-72,-51,-52,-51,-49,-84.0,-72.0,1
237,-100,-100,-56,-75,-75,-100,-100,-72,-73,-71,-73,-52,-49,-52,-51,-80.0,-74.944,1
238,-100,-100,-62,-76,-73,-100,-100,-76,-77,-76,-77,-51,-50,-52,-52,-83.0,-73.0,1
239,-100,-100,-59,-76,-73,-100,-100,-71,-72,-71,-73,-53,-52,-53,-50,-83.0,-74.0,1
240,-100,-100,-57,-74,-77,-100,-100,-72,-70,-70,-70,-51,-48,-51,-51,-76.09,-73.0,1
241,-100,-100,-60,-76,-74,-100,-100,-71,-72,-70,-72,-46,-49,-48,-48,-76.09,-74.0,1
242,-100,-100,-51,-75,-66,-100,-100,-71,-71,-73,-73,-52,-52,-50,-53,-85.0,-72.0,1
243,-100,-100,-56,-73,-75,-100,-100,-72,-74,-73,-74,-48,-53,-54,-50,-76.09,-72.0,1
244,-100,-100,-56,-73,-80,-100,-100,-73,-74,-100,-73,-52,-48,-50,-51,-77.0,-76.0,1
245,-100,-100,-56,-75,-74,-100,-100,-72,-73,-75,-72,-55,-53,-53,-53,-82.0,-75.0,1
246,-100,-100,-58,-76,-73,-100,-100,-73,-73,-100,-73,-51,-49,-49,-49,-79.0,-71.0,1
247,-100,-100,-63,-75,-73,-100,-100,-74,-73,-72,-72,-52,-49,-48,-52,-80.0,-72.0,1
248,-100,-100,-61,-74,-75,-100,-100,-73,-74,-75,-75,-53,-50,-50,-53,-81.0,-71.0,1
249,-100,-100,-61,-75,-73,-100,-100,-72,-72,-72,-72,-50,-48,-51,-52,-81.0,-72.0,1
250,-100,-100,-61,-75,-74,-100,-100,-74,-72,-100,-72,-52,-50,-50,-52,-83.0,-73.0,1
251,-100,-100,-60,-74,-73,-100,-100,-70,-72,-72,-72,-52,-51,-52,-50,-76.09,-72.0,1
252,-100,-100,-64,-80,-76,-100,-100,-74,-75,-74,-74,-50,-50,-50,-50,-81.0,-72.0,1
253,-100,-100,-64,-77,-76,-100,-100,-75,-75,-100,-100,-51,-52,-50,-48,-81.0,-73.0,1
254,-100,-100,-58,-73,-78,-100,-100,-73,-72,-71,-74,-51,-49,-48,-49,-81.0,-74.944,1
255,-100,-100,-58,-76,-76,-100,-100,-71,-71,-72,-71,-51,-49,-49,-48,-75.0,-71.0,1
256,-100,-100,-57,-82,-74,-100,-100,-66,-64,-64,-66,-56,-54,-54,-55,-76.0,-73.0,1
257,-100,-100,-52,-69,-75,-100,-100,-73,-72,-72,-72,-50,-50,-51,-50,-75.0,-72.0,1
258,-100,-100,-44,-65,-67,-100,-100,-65,-65,-65,-66,-40,-40,-40,-40,-71.0,-65.0,1
259,-100,-100,-46,-64,-65,-100,-100,-66,-67,-67,-67,-42,-41,-41,-40,-76.09,-68.0,1
260,-100,-100,-45,-59,-63,-100,-100,-72,-69,-69,-70,-40,-42,-41,-43,-69.0,-67.0,1
261,-100,-100,-48,-61,-62,-100,-100,-65,-64,-66,-66,-40,-40,-40,-41,-76.09,-62.0,1
262,-100,-100,-45,-65,-63,-100,-100,-100,-100,-100,-100,-44,-44,-41,-42,-76.09,-63.0,1
263,-100,-100,-45,-62,-63,-100,-100,-69,-68,-68,-68,-40,-40,-41,-40,-76.09,-63.0,1
264,-100,-100,-43,-63,-62,-100,-100,-100,-100,-100,-100,-44,-44,-47,-46,-76.09,-66.0,1
265,-100,-100,-47,-64,-65,-100,-100,-70,-69,-70,-71,-44,-46,-44,-44,-76.09,-70.0,1
266,-100,-100,-44,-64,-63,-100,-100,-68,-71,-70,-70,-43,-43,-43,-43,-76.09,-74.944,1
267,-100,-100,-43,-65,-66,-100,-100,-72,-72,-72,-72,-46,-43,-46,-44,-76.09,-70.0,1
268,-100,-100,-46,-64,-65,-100,-100,-100,-68,-68,-68,-42,-43,-44,-45,-76.09,-67.0,1
269,-100,-100,-45,-63,-64,-100,-100,-100,-69,-70,-70,-45,-43,-43,-43,-76.09,-70.0,1
270,-100,-100,-42,-66,-65,-100,-100,-70,-69,-69,-68,-44,-43,-42,-44,-73.0,-66.0,1
271,-100,-100,-46,-66,-61,-100,-100,-66,-68,-100,-67,-42,-42,-42,-44,-76.09,-64.0,1
272,-100,-100,-41,-64,-66,-100,-100,-72,-72,-72,-72,-42,-42,-44,-43,-72.0,-66.0,1
273,-100,-100,-46,-69,-66,-100,-100,-64,-68,-68,-100,-45,-41,-40,-41,-76.09,-74.944,1
274,-100,-100,-42,-62,-67,-100,-100,-67,-66,-67,-68,-40,-40,-42,-42,-73.0,-68.0,1
275,-100,-100,-42,-64,-65,-100,-100,-72,-68,-69,-69,-45,-45,-45,-45,-71.0,-67.0,1
276,-100,-100,-42,-65,-64,-100,-100,-66,-65,-64,-65,-42,-41,-42,-43,-72.0,-69.0,1
277,-100,-100,-40,-63,-63,-100,-100,-63,-63,-64,-63,-40,-40,-40,-39,-73.0,-74.944,1
278,-100,-100,-41,-64,-65,-100,-100,-69,-69,-68,-67,-43,-42,-41,-41,-76.09,-69.0,1
279,-100,-100,-47,-64,-72,-100,-100,-70,-70,-70,-70,-44,-44,-43,-46,-76.09,-68.0,1
280,-100,-100,-49,-64,-67,-100,-100,-71,-70,-72,-71,-45,-45,-44,-44,-66.0,-74.944,1
281,-100,-100,-45,-65,-67,-100,-100,-74,-71,-70,-72,-41,-40,-40,-40,-73.0,-65.0,1
282,-100,-100,-46,-67,-70,-100,-100,-67,-67,-64,-66,-42,-41,-41,-40,-76.09,-71.0,1
283,-100,-100,-42,-69,-71,-100,-100,-66,-65,-66,-66,-42,-41,-41,-43,-76.09,-70.0,1
284,-100,-100,-43,-66,-72,-100,-100,-67,-66,-66,-66,-41,-41,-41,-41,-76.09,-69.0,1
285,-100,-100,-42,-66,-71,-100,-100,-72,-72,-72,-72,-41,-41,-41,-43,-76.09,-70.0,1
286,-100,-100,-45,-65,-69,-100,-100,-66,-66,-65,-66,-41,-41,-42,-41,-72.0,-70.0,1
287,-100,-100,-46,-67,-71,-100,-100,-61,-66,-66,-67,-40,-41,-41,-41,-76.09,-69.0,1
288,-100,-100,-46,-66,-72,-100,-100,-64,-65,-63,-64,-41,-41,-41,-43,-75.0,-70.0,1
289,-100,-100,-47,-66,-69,-100,-100,-64,-63,-65,-63,-44,-41,-43,-41,-76.09,-69.0,1
290,-100,-100,-47,-65,-69,-100,-100,-65,-64,-65,-65,-41,-42,-41,-41,-67.0,-74.944,1
291,-100,-100,-41,-65,-67,-100,-100,-66,-66,-67,-66,-41,-43,-41,-41,-76.09,-70.0,1
292,-100,-100,-43,-65,-71,-100,-100,-65,-67,-66,-67,-43,-41,-44,-44,-76.09,-68.0,1
293,-100,-100,-45,-65,-72,-100,-100,-69,-70,-69,-69,-41,-42,-42,-41,-70.0,-69.0,1
294,-100,-100,-43,-66,-70,-100,-100,-68,-66,-67,-64,-44,-40,-41,-41,-73.0,-71.0,1
295,-100,-100,-41,-65,-68,-100,-100,-100,-68,-70,-69,-41,-42,-41,-41,-73.0,-74.944,1
296,-100,-100,-42,-68,-100,-100,-100,-68,-69,-68,-65,-41,-41,-41,-41,-76.09,-70.0,1
297,-100,-100,-41,-65,-69,-100,-100,-66,-67,-67,-67,-41,-41,-41,-42,-73.0,-69.0,1
298,-100,-100,-41,-65,-71,-100,-100,-62,-66,-66,-66,-41,-42,-42,-41,-76.09,-74.944,1
299,-100,-100,-42,-67,-73,-100,-100,-67,-67,-67,-67,-42,-41,-41,-44,-76.09,-71.0,1
300,-100,-100,-46,-67,-72,-100,-100,-66,-65,-65,-65,-41,-44,-43,-40,-76.09,-70.0,1
301,-100,-100,-46,-67,-79,-100,-100,-64,-64,-64,-64,-42,-40,-41,-41,-76.09,-69.0,1
302,-100,-100,-46,-64,-69,-100,-100,-66,-66,-67,-65,-42,-41,-41,-41,-76.09,-74.944,1
303,-100,-100,-41,-69,-70,-100,-100,-64,-64,-64,-63,-43,-41,-41,-41,-76.09,-70.0,1
304,-100,-100,-47,-65,-66,-100,-100,-68,-69,-69,-69,-40,-42,-42,-41,-76.0,-70.0,1
305,-100,-100,-42,-65,-71,-100,-100,-71,-70,-72,-71,-42,-42,-42,-42,-70.0,-71.0,1
306,-100,-100,-44,-66,-66,-100,-100,-70,-70,-69,-100,-45,-45,-45,-43,-70.0,-63.0,1
307,-100,-100,-43,-68,-70,-100,-100,-64,-65,-65,-65,-41,-44,-44,-41,-76.09,-62.0,1
308,-100,-100,-42,-64,-75,-100,-100,-67,-64,-65,-66,-41,-44,-44,-43,-76.09,-67.0,1
309,-100,-100,-45,-63,-72,-100,-100,-66,-67,-100,-100,-45,-43,-45,-43,-69.0,-69.0,1
310,-100,-100,-45,-65,-75,-100,-100,-68,-100,-67,-67,-43,-43,-45,-45,-71.0,-66.0,1
311,-100,-100,-43,-64,-67,-100,-100,-65,-65,-64,-65,-40,-40,-41,-40,-73.0,-67.0,1
312,-100,-100,-46,-62,-69,-100,-100,-71,-71,-71,-73,-39,-40,-40,-40,-74.0,-74.944,1
313,-100,-100,-44,-66,-68,-100,-100,-67,-66,-100,-67,-41,-41,-40,-40,-72.0,-67.0,1
314,-100,-100,-48,-66,-69,-100,-100,-71,-71,-71,-69,-41,-41,-41,-44,-70.0,-67.0,1
315,-100,-100,-47,-67,-66,-100,-100,-66,-68,-68,-68,-43,-42,-42,-42,-65.0,-69.0,1
316,-100,-100,-46,-64,-68,-100,-100,-76,-76,-75,-100,-43,-43,-42,-41,-76.09,-72.0,1
317,-100,-100,-42,-64,-65,-100,-100,-71,-70,-69,-68,-41,-41,-41,-42,-76.09,-69.0,1
318,-100,-100,-42,-66,-70,-100,-100,-100,-70,-100,-68,-41,-40,-40,-41,-71.0,-69.0,1
319,-100,-100,-46,-67,-65,-100,-100,-66,-67,-66,-67,-42,-41,-41,-43,-74.0,-74.944,1
320,-100,-100,-46,-64,-68,-100,-100,-67,-65,-100,-67,-41,-42,-42,-41,-70.0,-70.0,1
321,-100,-100,-47,-69,-66,-100,-100,-69,-67,-65,-67,-41,-41,-41,-41,-72.0,-69.0,1
322,-100,-100,-42,-66,-67,-100,-100,-72,-74,-73,-73,-43,-43,-42,-42,-76.09,-64.0,1
323,-100,-100,-48,-62,-69,-100,-100,-72,-72,-72,-73,-41,-44,-41,-41,-73.0,-65.0,1
324,-100,-100,-46,-63,-67,-100,-100,-66,-66,-64,-65,-44,-44,-42,-41,-76.09,-69.0,1
325,-100,-100,-45,-66,-70,-100,-100,-100,-69,-68,-68,-43,-43,-44,-46,-76.09,-66.0,1
326,-100,-100,-44,-69,-68,-100,-100,-70,-100,-70,-100,-42,-42,-41,-42,-71.0,-62.0,1
327,-100,-100,-48,-64,-68,-100,-100,-73,-69,-72,-71,-45,-43,-46,-46,-70.0,-66.0,1
328,-100,-100,-62,-100,-72,-100,-100,-66,-65,-65,-66,-58,-57,-58,-58,-80.0,-74.944,1
329,-100,-100,-50,-71,-66,-100,-100,-69,-69,-69,-69,-49,-47,-49,-48,-72.0,-70.0,1
330,-100,-100,-54,-72,-66,-100,-100,-71,-71,-71,-72,-50,-48,-46,-50,-69.0,-70.0,1
331,-100,-100,-56,-74,-64,-100,-100,-70,-72,-72,-71,-48,-46,-49,-49,-70.0,-74.944,1
332,-100,-100,-48,-71,-63,-100,-100,-68,-69,-70,-70,-48,-48,-51,-48,-70.0,-71.0,1
333,-100,-100,-53,-76,-66,-100,-100,-72,-72,-67,-69,-49,-49,-46,-47,-70.0,-69.0,1
334,-100,-100,-50,-76,-64,-100,-100,-71,-70,-66,-67,-48,-46,-48,-50,-70.0,-74.944,1
335,-100,-100,-52,-72,-67,-100,-100,-70,-70,-71,-70,-51,-48,-50,-50,-73.0,-69.0,1
336,-100,-100,-48,-74,-68,-100,-100,-68,-71,-71,-71,-46,-48,-47,-46,-69.0,-74.944,1
337,-100,-100,-52,-77,-69,-100,-100,-70,-69,-71,-71,-48,-45,-49,-49,-71.0,-70.0,1
338,-100,-100,-52,-71,-67,-100,-100,-71,-71,-72,-70,-49,-49,-46,-46,-71.0,-72.0,1
339,-100,-100,-52,-100,-100,-100,-100,-72,-73,-73,-70,-44,-47,-45,-47,-68.0,-66.0,1
340,-100,-100,-49,-71,-67,-100,-100,-73,-73,-73,-73,-46,-46,-46,-48,-67.0,-68.0,1
341,-100,-100,-52,-73,-66,-100,-100,-68,-67,-67,-100,-50,-49,-46,-47,-70.0,-71.0,1
342,-100,-100,-51,-74,-65,-100,-100,-71,-71,-70,-70,-45,-48,-48,-44,-70.0,-68.0,1
343,-100,-100,-51,-75,-69,-100,-100,-68,-70,-70,-71,-44,-44,-47,-45,-69.0,-71.0,1
344,-100,-100,-52,-100,-67,-100,-100,-73,-71,-71,-72,-47,-47,-47,-46,-67.0,-66.0,1
345,-100,-100,-47,-100,-69,-100,-100,-71,-71,-71,-70,-49,-49,-49,-47,-69.0,-72.0,1
346,-100,-100,-48,-80,-70,-100,-100,-69,-69,-68,-68,-44,-47,-47,-44,-71.0,-70.0,1
347,-100,-100,-52,-75,-67,-100,-100,-71,-71,-72,-71,-47,-47,-49,-48,-71.0,-74.944,1
348,-100,-100,-53,-71,-65,-100,-100,-72,-73,-72,-73,-47,-45,-46,-49,-71.0,-71.0,1
349,-100,-100,-52,-100,-66,-100,-100,-69,-69,-69,-72,-47,-49,-48,-46,-72.0,-70.0,1
350,-100,-100,-49,-74,-67,-100,-100,-73,-72,-72,-73,-46,-46,-45,-48,-71.0,-66.0,1
351,-100,-100,-56,-76,-65,-100,-100,-71,-100,-73,-69,-47,-48,-49,-47,-69.0,-74.944,1
352,-100,-100,-53,-77,-69,-100,-100,-72,-71,-73,-70,-48,-47,-45,-49,-70.0,-67.0,1
353,-100,-100,-50,-76,-65,-100,-100,-71,-72,-75,-74,-47,-47,-47,-46,-72.0,-69.0,1
354,-100,-100,-51,-74,-65,-100,-100,-73,-73,-73,-74,-46,-46,-45,-48,-72.0,-70.0,1
355,-100,-100,-48,-73,-67,-100,-100,-68,-70,-69,-70,-47,-45,-48,-48,-68.0,-69.0,1
356,-100,-100,-54,-74,-70,-100,-100,-70,-70,-69,-69,-45,-49,-46,-47,-67.0,-66.0,1
357,-100,-100,-53,-74,-65,-100,-100,-72,-71,-72,-72,-51,-51,-48,-48,-71.0,-71.0,1
358,-100,-100,-50,-76,-65,-100,-100,-68,-68,-71,-70,-46,-48,-48,-46,-71.0,-67.0,1
359,-100,-100,-49,-76,-65,-100,-100,-68,-100,-68,-68,-49,-46,-48,-49,-69.0,-71.0,1
360,-100,-100,-56,-72,-65,-100,-100,-69,-69,-71,-68,-45,-45,-45,-46,-67.0,-68.0,1
361,-100,-100,-55,-72,-64,-100,-100,-71,-71,-73,-70,-46,-48,-46,-48,-71.0,-72.0,1
362,-100,-100,-52,-73,-69,-100,-100,-71,-74,-73,-70,-49,-49,-47,-46,-69.0,-69.0,1
363,-100,-100,-53,-73,-66,-100,-100,-70,-70,-70,-71,-46,-46,-46,-46,-69.0,-67.0,1
364,-100,-100,-55,-72,-65,-100,-100,-67,-67,-69,-67,-48,-46,-47,-49,-72.0,-67.0,1
365,-100,-100,-51,-74,-67,-100,-100,-70,-74,-74,-74,-46,-48,-49,-49,-70.0,-69.0,1
366,-100,-100,-51,-73,-65,-100,-100,-73,-73,-72,-73,-48,-46,-48,-45,-69.0,-74.944,1
367,-100,-100,-44,-77,-68,-100,-100,-70,-68,-70,-69,-46,-46,-48,-46,-69.0,-70.0,1
368,-100,-100,-50,-73,-69,-100,-100,-69,-68,-67,-100,-46,-49,-47,-45,-71.0,-68.0,1
369,-100,-100,-50,-72,-68,-100,-100,-68,-69,-70,-69,-45,-45,-46,-46,-71.0,-69.0,1
370,-100,-100,-53,-78,-66,-100,-100,-100,-67,-67,-68,-48,-47,-47,-48,-70.0,-68.0,1
371,-100,-100,-52,-74,-66,-100,-100,-69,-71,-72,-70,-49,-46,-48,-49,-71.0,-70.0,1
372,-100,-100,-54,-72,-69,-100,-100,-72,-72,-71,-71,-46,-49,-47,-47,-71.0,-69.0,1
373,-100,-100,-48,-74,-67,-100,-100,-70,-70,-100,-71,-45,-49,-47,-47,-70.0,-67.0,1
374,-100,-100,-49,-74,-71,-100,-100,-69,-69,-67,-71,-45,-47,-48,-45,-70.0,-74.944,1
375,-100,-100,-55,-74,-69,-100,-100,-72,-67,-71,-71,-48,-45,-48,-48,-69.0,-70.0,1
376,-100,-100,-52,-75,-69,-100,-100,-71,-72,-73,-71,-50,-47,-47,-49,-69.0,-72.0,1
377,-100,-100,-49,-73,-73,-100,-100,-70,-70,-71,-71,-48,-47,-48,-46,-69.0,-74.944,1
378,-100,-100,-49,-77,-68,-100,-100,-72,-71,-71,-71,-46,-45,-46,-46,-69.0,-69.0,1
379,-100,-100,-53,-76,-68,-100,-100,-69,-69,-66,-69,-46,-47,-48,-47,-71.0,-70.0,1
380,-100,-100,-51,-75,-69,-100,-100,-71,-72,-71,-73,-47,-48,-48,-50,-70.0,-67.0,1
381,-100,-100,-50,-79,-69,-100,-100,-67,-68,-69,-69,-46,-46,-48,-46,-68.0,-66.0,1
382,-100,-100,-47,-75,-66,-100,-100,-75,-74,-73,-76,-46,-49,-46,-48,-71.0,-72.0,1
383,-100,-100,-56,-78,-70,-100,-100,-78,-77,-79,-78,-48,-48,-49,-47,-74.0,-72.0,1
384,-100,-100,-46,-78,-66,-100,-100,-72,-73,-71,-72,-46,-46,-48,-48,-72.0,-71.0,1
385,-100,-100,-57,-71,-68,-100,-100,-71,-72,-70,-70,-46,-48,-48,-46,-72.0,-74.944,1
386,-100,-100,-50,-73,-68,-100,-100,-68,-67,-66,-66,-45,-48,-48,-45,-69.0,-69.0,1
387,-100,-100,-49,-74,-69,-100,-100,-69,-69,-70,-70,-45,-45,-47,-47,-70.0,-74.944,1
388,-100,-100,-50,-76,-69,-100,-100,-69,-70,-70,-71,-47,-46,-47,-47,-70.0,-74.944,1
389,-100,-100,-51,-74,-69,-100,-100,-69,-70,-69,-70,-53,-52,-50,-51,-70.0,-67.0,1
390,-100,-100,-57,-70,-65,-100,-100,-65,-65,-65,-66,-48,-50,-48,-49,-69.0,-74.944,1
391,-100,-100,-51,-80,-75,-100,-100,-100,-74,-74,-74,-48,-48,-47,-50,-70.0,-74.944,1
392,-100,-100,-52,-75,-68,-100,-100,-69,-70,-67,-100,-48,-50,-47,-47,-69.0,-68.0,1
393,-100,-100,-49,-74,-79,-100,-100,-100,-73,-73,-72,-46,-46,-49,-49,-74.0,-66.0,1
394,-100,-100,-60,-77,-71,-100,-100,-65,-66,-68,-68,-49,-49,-51,-49,-77.0,-68.0,1
395,-100,-100,-55,-81,-68,-100,-100,-100,-69,-100,-70,-49,-46,-46,-48,-76.0,-67.0,1
396,-100,-100,-50,-74,-63,-100,-100,-100,-100,-72,-73,-46,-48,-49,-49,-75.0,-64.0,1
397,-100,-100,-54,-71,-67,-100,-100,-100,-100,-71,-70,-46,-46,-48,-46,-76.0,-67.0,1
398,-100,-100,-48,-76,-68,-100,-100,-70,-69,-69,-69,-47,-49,-47,-50,-74.0,-69.0,1
399,-100,-100,-59,-71,-66,-100,-100,-70,-72,-100,-72,-46,-47,-47,-46,-77.0,-74.944,1
400,-100,-100,-48,-73,-69,-100,-100,-69,-67,-67,-67,-48,-51,-48,-48,-74.0,-68.0,1
401,-100,-100,-48,-74,-77,-100,-100,-69,-68,-72,-68,-48,-47,-49,-47,-71.0,-74.944,1
402,-100,-100,-53,-78,-72,-100,-100,-72,-72,-75,-73,-49,-45,-47,-47,-69.0,-70.0,1
403,-100,-100,-51,-77,-72,-100,-100,-72,-70,-71,-100,-46,-46,-47,-46,-70.0,-72.0,1
404,-100,-100,-48,-73,-67,-100,-100,-69,-71,-73,-71,-53,-52,-50,-50,-70.0,-74.944,1
405,-100,-100,-53,-77,-67,-100,-100,-71,-74,-75,-74,-49,-51,-51,-48,-73.0,-69.0,1
406,-100,-100,-51,-80,-66,-100,-100,-71,-73,-70,-72,-50,-49,-51,-52,-69.0,-70.0,1
407,-100,-100,-54,-73,-65,-100,-100,-75,-74,-75,-72,-48,-47,-48,-45,-67.0,-74.944,1
408,-100,-100,-51,-72,-67,-100,-100,-68,-69,-70,-67,-48,-48,-47,-48,-71.0,-67.0,1
409,-100,-100,-52,-78,-67,-100,-100,-73,-73,-100,-71,-52,-57,-55,-51,-71.0,-68.0,1
410,-100,-100,-53,-78,-66,-100,-100,-71,-71,-72,-71,-48,-50,-51,-51,-69.0,-74.0,1
411,-100,-100,-57,-74,-68,-100,-100,-74,-73,-74,-73,-49,-46,-50,-47,-68.0,-71.0,1
412,-100,-100,-49,-75,-68,-100,-100,-100,-69,-100,-100,-45,-49,-45,-48,-70.0,-74.944,1
413,-100,-100,-52,-72,-66,-100,-100,-75,-70,-75,-76,-45,-49,-46,-49,-67.0,-70.0,1
414,-100,-100,-50,-74,-69,-100,-100,-75,-76,-74,-74,-45,-45,-45,-47,-70.0,-69.0,1
415,-100,-100,-51,-72,-68,-100,-100,-75,-74,-67,-70,-49,-47,-48,-49,-74.0,-74.944,1
416,-100,-100,-49,-75,-70,-100,-100,-69,-100,-67,-67,-48,-46,-46,-46,-74.0,-68.0,1
417,-100,-100,-54,-74,-65,-100,-100,-69,-71,-71,-69,-44,-44,-45,-45,-72.0,-71.0,1
418,-100,-100,-51,-78,-68,-100,-100,-67,-68,-69,-100,-50,-46,-46,-46,-73.0,-74.944,1
419,-100,-100,-53,-73,-68,-100,-100,-73,-73,-72,-72,-46,-47,-47,-47,-72.0,-69.0,1
420,-100,-100,-50,-71,-66,-100,-100,-75,-73,-72,-74,-48,-47,-45,-47,-70.0,-69.0,1
421,-100,-100,-48,-76,-67,-100,-100,-70,-70,-70,-70,-45,-45,-45,-45,-69.0,-67.0,1
422,-100,-100,-52,-73,-64,-100,-100,-68,-69,-68,-68,-46,-48,-45,-45,-72.0,-72.0,1
423,-100,-100,-50,-76,-70,-100,-100,-68,-71,-68,-71,-47,-47,-47,-49,-68.0,-74.944,1
424,-100,-100,-49,-81,-69,-100,-100,-70,-70,-71,-70,-51,-48,-48,-50,-71.0,-74.944,1
425,-100,-100,-54,-76,-68,-100,-100,-68,-70,-69,-69,-46,-50,-50,-47,-70.0,-69.0,1
426,-100,-100,-52,-74,-66,-100,-100,-72,-73,-100,-100,-50,-49,-53,-52,-71.0,-70.0,1
427,-100,-100,-58,-76,-69,-100,-100,-72,-72,-71,-72,-51,-49,-49,-51,-69.0,-72.0,1
428,-100,-100,-51,-76,-70,-100,-100,-66,-66,-66,-100,-52,-50,-51,-52,-70.0,-72.0,1
429,-100,-100,-58,-74,-67,-100,-100,-72,-100,-73,-71,-49,-52,-53,-51,-70.0,-71.0,1
430,-100,-100,-52,-75,-69,-100,-100,-72,-69,-72,-72,-50,-50,-50,-50,-69.0,-74.944,1
431,-100,-100,-50,-75,-69,-100,-100,-72,-71,-74,-74,-50,-49,-50,-49,-69.0,-71.0,1
432,-100,-100,-53,-73,-70,-100,-100,-69,-69,-69,-69,-50,-52,-50,-50,-70.0,-71.0,1
433,-100,-100,-58,-75,-68,-100,-100,-69,-100,-70,-69,-49,-49,-49,-52,-69.0,-69.0,1
434,-100,-100,-48,-75,-68,-100,-100,-73,-74,-73,-74,-52,-49,-51,-52,-69.0,-72.0,1
435,-100,-100,-53,-76,-67,-100,-100,-68,-68,-67,-67,-47,-48,-49,-48,-69.0,-72.0,1
436,-100,-100,-53,-74,-69,-100,-100,-66,-73,-72,-73,-46,-47,-48,-47,-69.0,-67.0,1
437,-100,-100,-54,-71,-67,-100,-100,-100,-69,-100,-70,-49,-47,-47,-50,-71.0,-70.0,1
438,-100,-100,-49,-76,-67,-100,-100,-69,-72,-70,-70,-46,-47,-47,-49,-68.0,-69.0,1
439,-100,-100,-51,-76,-68,-100,-100,-70,-71,-69,-68,-49,-45,-45,-45,-69.0,-68.0,1
440,-100,-100,-51,-78,-67,-100,-100,-100,-100,-100,-70,-47,-46,-46,-49,-73.0,-74.944,1
441,-100,-100,-55,-73,-69,-100,-100,-67,-68,-68,-69,-48,-45,-45,-49,-73.0,-74.944,1
442,-100,-100,-58,-73,-66,-100,-100,-100,-69,-72,-100,-47,-48,-49,-47,-71.0,-74.944,1
443,-100,-100,-58,-76,-66,-100,-100,-68,-68,-70,-71,-47,-46,-46,-49,-74.0,-74.944,1
444,-100,-100,-57,-75,-69,-100,-100,-68,-68,-68,-68,-47,-46,-47,-48,-74.0,-67.0,1
445,-100,-100,-55,-75,-69,-100,-100,-70,-72,-72,-73,-49,-46,-47,-47,-69.0,-65.0,1
446,-100,-100,-55,-74,-67,-100,-100,-71,-70,-100,-72,-48,-47,-48,-47,-74.0,-74.944,1
447,-100,-100,-52,-72,-66,-100,-100,-69,-71,-70,-69,-47,-49,-48,-46,-70.0,-74.944,1
448,-100,-100,-52,-75,-66,-100,-100,-72,-70,-68,-69,-48,-49,-46,-46,-71.0,-77.0,1
449,-100,-100,-51,-76,-66,-100,-100,-69,-70,-70,-70,-51,-50,-51,-48,-69.0,-74.944,1
450,-100,-100,-57,-71,-65,-100,-100,-70,-71,-73,-70,-49,-52,-52,-49,-70.0,-74.944,1
451,-100,-100,-58,-69,-64,-100,-100,-64,-64,-64,-64,-55,-55,-55,-54,-72.0,-71.0,1
452,-100,-100,-52,-75,-67,-100,-100,-67,-67,-67,-100,-52,-52,-51,-53,-70.0,-74.944,1
453,-100,-100,-53,-74,-66,-100,-100,-69,-69,-68,-69,-49,-51,-51,-50,-69.0,-71.0,1
454,-100,-100,-62,-74,-66,-100,-100,-70,-70,-71,-70,-51,-51,-52,-48,-76.09,-68.0,1
455,-100,-100,-53,-100,-67,-100,-100,-100,-70,-70,-68,-51,-51,-51,-49,-71.0,-74.944,1
456,-100,-100,-52,-75,-68,-100,-100,-74,-74,-74,-73,-48,-50,-48,-49,-70.0,-69.0,1
457,-100,-100,-50,-70,-67,-100,-100,-100,-70,-69,-69,-50,-48,-49,-48,-68.0,-72.0,1
458,-100,-100,-50,-71,-66,-100,-100,-69,-70,-69,-70,-50,-48,-48,-48,-68.0,-72.0,1
459,-100,-100,-50,-74,-70,-100,-100,-73,-70,-72,-73,-49,-48,-50,-52,-69.0,-71.0,1
460,-100,-100,-52,-72,-68,-100,-100,-69,-70,-72,-71,-48,-48,-49,-46,-70.0,-68.0,1
461,-100,-100,-50,-72,-67,-100,-100,-76,-76,-72,-75,-49,-45,-46,-45,-72.0,-69.0,1
462,-100,-100,-56,-76,-67,-100,-100,-72,-72,-100,-73,-49,-49,-45,-47,-70.0,-69.0,1
463,-100,-100,-51,-73,-68,-100,-100,-72,-100,-71,-72,-48,-49,-46,-46,-73.0,-68.0,1
464,-100,-100,-55,-81,-68,-100,-100,-100,-69,-69,-69,-49,-49,-51,-48,-73.0,-67.0,1
465,-100,-100,-52,-72,-68,-100,-100,-71,-72,-72,-71,-46,-46,-46,-46,-69.0,-74.944,1
466,-100,-100,-52,-72,-64,-100,-100,-100,-71,-72,-71,-44,-46,-43,-44,-67.0,-68.0,1
467,-100,-100,-53,-75,-76,-100,-100,-67,-68,-68,-68,-45,-44,-44,-44,-66.0,-70.0,1
468,-100,-100,-53,-71,-66,-100,-100,-70,-69,-71,-69,-48,-47,-48,-48,-65.0,-68.0,1
469,-100,-100,-52,-74,-66,-100,-100,-73,-71,-76,-77,-49,-48,-47,-50,-71.0,-67.0,1
470,-100,-100,-49,-77,-65,-100,-100,-74,-73,-73,-73,-50,-50,-47,-49,-69.0,-71.0,1
471,-100,-100,-50,-76,-67,-100,-100,-72,-71,-70,-72,-49,-46,-49,-46,-68.0,-74.944,1
472,-100,-100,-50,-74,-65,-100,-100,-68,-67,-68,-68,-47,-49,-49,-45,-69.0,-72.0,1
473,-100,-100,-53,-80,-68,-100,-100,-71,-67,-69,-68,-48,-46,-50,-46,-69.0,-70.0,1
474,-100,-100,-50,-78,-67,-100,-100,-67,-100,-100,-66,-47,-50,-47,-47,-70.0,-69.0,1
475,-100,-100,-47,-78,-76,-100,-100,-63,-62,-63,-63,-52,-54,-51,-53,-74.0,-59.0,1
476,-100,-100,-47,-75,-66,-100,-100,-59,-59,-59,-59,-56,-56,-56,-58,-70.0,-64.0,1
477,-100,-100,-44,-75,-64,-100,-100,-100,-62,-62,-100,-58,-59,-58,-58,-66.0,-74.944,1
478,-100,-100,-50,-72,-65,-100,-100,-58,-59,-59,-60,-57,-58,-56,-57,-69.0,-63.0,1
479,-100,-100,-45,-72,-69,-100,-100,-59,-60,-59,-59,-56,-56,-55,-57,-67.0,-63.0,1
480,-100,-100,-45,-74,-64,-100,-100,-59,-58,-58,-58,-58,-57,-58,-58,-68.0,-63.0,1
481,-100,-100,-48,-73,-66,-100,-100,-58,-58,-59,-58,-58,-56,-54,-57,-68.0,-63.0,1
482,-100,-100,-44,-73,-66,-100,-100,-58,-58,-58,-58,-57,-57,-57,-58,-67.0,-63.0,1
483,-100,-100,-42,-75,-66,-100,-100,-58,-57,-57,-57,-57,-57,-56,-58,-67.0,-63.0,1
484,-100,-100,-53,-74,-66,-100,-100,-59,-60,-59,-60,-57,-58,-58,-57,-71.0,-62.0,1
485,-100,-100,-44,-71,-66,-100,-100,-59,-100,-100,-58,-53,-54,-53,-53,-69.0,-63.0,1
486,-100,-100,-49,-76,-64,-100,-100,-59,-59,-59,-59,-54,-55,-55,-57,-69.0,-74.944,1
487,-100,-100,-42,-70,-67,-100,-100,-60,-59,-59,-59,-54,-55,-55,-55,-69.0,-64.0,1
488,-100,-100,-48,-71,-65,-100,-100,-58,-59,-59,-58,-56,-55,-56,-55,-69.0,-63.0,1
489,-100,-100,-43,-70,-64,-100,-100,-58,-59,-59,-59,-56,-56,-58,-56,-68.0,-63.0,1
490,-100,-100,-45,-72,-65,-100,-100,-59,-58,-58,-58,-58,-56,-56,-57,-68.0,-74.944,1
491,-100,-100,-45,-69,-65,-100,-100,-59,-59,-58,-59,-55,-55,-55,-55,-69.0,-62.0,1
492,-100,-100,-46,-75,-64,-100,-100,-60,-61,-60,-61,-52,-52,-54,-51,-68.0,-63.0,1
493,-100,-100,-45,-75,-66,-100,-100,-61,-61,-60,-60,-53,-53,-53,-53,-69.0,-74.944,1
494,-100,-100,-52,-73,-64,-100,-100,-61,-61,-61,-61,-54,-53,-52,-53,-70.0,-62.0,1
495,-100,-100,-44,-72,-65,-100,-100,-61,-61,-62,-61,-53,-55,-53,-53,-70.0,-62.0,1
496,-100,-100,-44,-71,-67,-100,-100,-60,-59,-60,-59,-58,-58,-58,-59,-71.0,-62.0,1
497,-100,-100,-47,-73,-71,-100,-100,-60,-61,-60,-61,-56,-55,-56,-55,-67.0,-74.944,1
498,-100,-100,-44,-70,-70,-100,-100,-60,-61,-61,-60,-55,-54,-56,-55,-76.09,-62.0,1
499,-100,-100,-52,-71,-65,-100,-100,-60,-59,-59,-60,-58,-59,-57,-57,-70.0,-74.944,1
