ID,Abyusif,abram Gad,STUDBME2,BMES_Secrelary,ESP32_One,Saeed,Sbme-Staff,CMP LAB1,CMP LAB2,CMP LAB3,CMP LAB4,CMP_LAB1,CMP_LAB2,CMP_LAB3,CMP_LAB4,Lab-admin,RehabLab,label
0,-51,-71,-77,-85,-90,-74,-91,-100,-100,-100,-100,-100,-100,-100,-100,-100,-100,7
1,-66,-83,-83,-100,-88,-76,-100,-100,-100,-100,-100,-100,-100,-100,-100,-100,-100,7
2,-43,-78,-80,-100,-91,-69,-100,-100,-100,-100,-100,-100,-100,-100,-100,-100,-100,7
3,-58,-76,-77,-100,-87,-77,-100,-100,-100,-100,-100,-100,-100,-100,-100,-100,-100,7
4,-50,-79,-81,-100,-87,-74,-100,-100,-100,-100,-100,-100,-100,-100,-100,-100,-100,7
5,-45,-72,-100,-100,-89,-86,-100,-100,-83,-100,-100,-100,-100,-100,-100,-100,-100,7
6,-68,-79,-77,-85,-87,-65,-100,-100,-100,-100,-100,-100,-100,-100,-100,-100,-100,7
7,-61,-73,-85,-100,-88,-79,-100,-100,-100,-100,-100,-100,-100,-100,-100,-100,-100,7
8,-45,-66,-79,-100,-88,-81,-100,-100,-100,-100,-100,-100,-100,-100,-100,-100,-100,7
9,-45,-68,-82,-100,-100,-85,-100,-100,-100,-100,-100,-100,-100,-100,-100,-100,-100,7
10,-50,-74,-82,-100,-100,-78,-100,-100,-100,-100,-100,-100,-100,-100,-100,-100,-100,7
11,-63,-82,-80,-100,-100,-71,-100,-100,-100,-100,-100,-100,-100,-100,-100,-100,-100,7
12,-52,-100,-76,-100,-89,-86,-100,-100,-100,-100,-100,-100,-100,-100,-85,-100,-100,7
13,-50,-80,-100,-100,-87,-88,-100,-100,-100,-100,-100,-100,-100,-100,-100,-100,-100,7
14,-60,-79,-85,-100,-86,-85,-100,-100,-100,-100,-100,-100,-100,-100,-100,-100,-100,7
15,-58,-70,-82,-100,-90,-86,-100,-100,-100,-100,-100,-100,-100,-100,-100,-100,-100,7
16,-51,-75,-100,-100,-90,-83,-100,-100,-100,-100,-100,-100,-100,-100,-100,-100,-100,7
17,-56,-77,-80,-90,-92,-78,-100,-100,-100,-83,-83,-100,-85,-100,-100,-100,-100,7
18,-57,-71,-100,-85,-82,-80,-100,-100,-100,-100,-100,-87,-85,-100,-100,-100,-100,7
19,-69,-100,-74,-89,-81,-71,-100,-100,-100,-100,-100,-100,-100,-100,-100,-100,-100,7
20,-58,-74,-84,-100,-82,-68,-100,-84,-100,-100,-100,-100,-86,-100,-87,-100,-100,7
21,-61,-67,-76,-100,-84,-70,-100,-100,-100,-100,-100,-100,-100,-100,-100,-100,-100,7
22,-58,-72,-84,-100,-100,-85,-100,-100,-100,-100,-100,-100,-100,-100,-100,-100,-100,7
23,-66,-78,-81,-100,-100,-81,-100,-100,-100,-100,-100,-100,-100,-100,-100,-100,-100,7
24,-63,-68,-77,-100,-85,-76,-100,-100,-100,-100,-100,-100,-100,-100,-100,-100,-100,7
25,-61,-66,-74,-100,-84,-75,-100,-100,-100,-100,-100,-100,-86,-100,-100,-100,-100,7
26,-67,-73,-75,-100,-83,-71,-100,-100,-86,-100,-100,-100,-100,-100,-100,-100,-100,7
27,-52,-65,-75,-100,-86,-67,-100,-100,-100,-100,-100,-100,-100,-100,-100,-100,-100,7
28,-63,-71,-73,-87,-80,-70,-100,-100,-100,-100,-100,-100,-100,-100,-100,-100,-100,7
29,-68,-68,-79,-85,-83,-73,-100,-100,-100,-100,-100,-100,-100,-100,-100,-100,-100,7
30,-62,-100,-100,-100,-88,-87,-100,-100,-100,-100,-100,-100,-100,-100,-100,-100,-100,7
31,-58,-71,-75,-85,-84,-79,-100,-100,-100,-100,-100,-81,-100,-82,-82,-100,-100,7
32,-54,-67,-75,-100,-84,-78,-100,-100,-100,-100,-100,-100,-100,-100,-100,-100,-100,7
33,-61,-68,-79,-100,-90,-78,-100,-100,-100,-100,-100,-100,-100,-100,-100,-100,-100,7
34,-65,-67,-100,-88,-81,-83,-100,-100,-100,-100,-100,-100,-100,-100,-100,-100,-100,7
35,-59,-65,-81,-100,-86,-68,-100,-100,-100,-100,-100,-100,-100,-100,-100,-100,-100,7
36,-64,-78,-87,-91,-86,-86,-100,-100,-100,-100,-100,-100,-100,-100,-100,-100,-100,7
37,-52,-77,-83,-100,-90,-71,-100,-100,-100,-100,-100,-100,-100,-100,-100,-100,-100,7
38,-58,-75,-100,-100,-88,-77,-100,-100,-100,-100,-100,-100,-100,-100,-100,-100,-100,7
39,-54,-67,-87,-100,-89,-78,-100,-100,-100,-100,-100,-100,-100,-100,-100,-100,-100,7
40,-60,-74,-71,-91,-89,-75,-100,-100,-86,-100,-100,-100,-85,-86,-100,-100,-100,7
41,-55,-76,-75,-89,-86,-76,-100,-100,-100,-100,-100,-100,-100,-100,-100,-100,-100,7
42,-59,-66,-78,-90,-88,-73,-100,-100,-100,-100,-100,-100,-100,-100,-100,-100,-100,7
43,-76,-62,-75,-90,-91,-100,-100,-100,-100,-100,-100,-100,-100,-100,-100,-100,-100,7
44,-60,-70,-78,-90,-89,-70,-100,-85,-100,-82,-87,-100,-84,-85,-84,-100,-100,7
45,-64,-79,-78,-100,-88,-62,-100,-100,-100,-100,-100,-100,-100,-100,-100,-100,-100,7
46,-62,-69,-78,-92,-84,-76,-100,-85,-85,-85,-85,-100,-100,-85,-86,-100,-100,7
47,-69,-71,-75,-100,-89,-75,-100,-100,-100,-100,-100,-100,-100,-100,-86,-100,-100,7
48,-62,-64,-67,-100,-81,-78,-100,-100,-100,-100,-100,-100,-100,-100,-100,-100,-100,7
49,-66,-81,-84,-89,-82,-75,-100,-83,-100,-100,-85,-87,-100,-100,-100,-100,-100,7
50,-61,-71,-84,-100,-92,-72,-100,-100,-100,-100,-100,-100,-100,-100,-100,-100,-100,7
51,-48,-72,-100,-100,-86,-73,-100,-100,-100,-100,-100,-100,-100,-100,-100,-100,-100,7
52,-62,-73,-76,-100,-88,-70,-100,-100,-84,-100,-100,-100,-100,-100,-100,-100,-100,7
53,-74,-71,-78,-91,-84,-75,-100,-87,-100,-100,-86,-82,-83,-84,-84,-100,-100,7
54,-63,-75,-75,-100,-83,-71,-100,-100,-100,-100,-100,-100,-85,-83,-100,-100,-100,7
55,-62,-73,-72,-91,-82,-75,-100,-100,-100,-100,-100,-100,-100,-100,-100,-100,-100,7
56,-66,-66,-85,-100,-86,-76,-100,-100,-100,-100,-100,-89,-100,-86,-87,-100,-100,7
57,-62,-64,-80,-100,-89,-82,-100,-100,-100,-100,-100,-100,-100,-100,-100,-100,-100,7
58,-61,-69,-78,-100,-84,-76,-100,-100,-88,-100,-87,-100,-100,-85,-86,-100,-100,7
59,-62,-65,-81,-100,-83,-74,-100,-100,-100,-100,-100,-100,-100,-100,-100,-100,-100,7
60,-70,-74,-69,-100,-87,-73,-100,-100,-100,-100,-88,-100,-100,-100,-100,-100,-100,7
61,-79,-74,-75,-100,-87,-70,-100,-87,-100,-100,-100,-100,-100,-100,-100,-100,-100,7
62,-69,-79,-75,-100,-83,-65,-100,-100,-100,-100,-100,-100,-100,-100,-100,-100,-100,7
63,-67,-71,-81,-100,-90,-69,-100,-100,-100,-100,-85,-100,-100,-87,-100,-100,-100,7
64,-57,-75,-75,-100,-84,-74,-100,-100,-100,-100,-100,-100,-100,-100,-100,-100,-100,7
65,-65,-67,-71,-100,-86,-72,-100,-100,-84,-84,-84,-100,-100,-100,-100,-100,-100,7
66,-61,-76,-84,-100,-87,-84,-100,-100,-100,-100,-100,-100,-100,-100,-100,-100,-100,7
67,-63,-81,-80,-90,-85,-70,-100,-100,-100,-100,-100,-100,-100,-100,-100,-100,-100,7
68,-61,-74,-78,-91,-81,-79,-100,-100,-100,-100,-100,-100,-100,-100,-100,-100,-100,7
69,-68,-80,-83,-91,-100,-79,-100,-100,-100,-100,-100,-100,-100,-100,-100,-100,-100,7
70,-62,-82,-79,-100,-100,-74,-100,-89,-100,-100,-87,-100,-100,-100,-100,-100,-100,7
71,-67,-69,-82,-100,-88,-80,-100,-100,-100,-100,-100,-100,-100,-100,-100,-100,-100,7
72,-65,-75,-85,-100,-86,-68,-100,-89,-100,-100,-90,-100,-100,-100,-100,-100,-100,7
73,-62,-76,-81,-100,-91,-65,-100,-100,-86,-100,-100,-100,-100,-100,-100,-100,-100,7
74,-62,-76,-77,-100,-91,-79,-100,-83,-100,-100,-100,-86,-88,-87,-85,-100,-100,7
75,-63,-75,-80,-100,-100,-71,-100,-100,-100,-100,-90,-88,-100,-90,-100,-100,-100,7
76,-51,-83,-71,-100,-85,-85,-100,-84,-100,-100,-85,-100,-100,-84,-87,-100,-100,7
77,-65,-72,-100,-100,-88,-87,-100,-84,-100,-100,-86,-100,-100,-100,-100,-100,-100,7
78,-59,-82,-82,-91,-100,-71,-100,-100,-100,-100,-100,-100,-100,-100,-100,-100,-100,7
79,-65,-73,-82,-89,-100,-73,-100,-100,-100,-100,-100,-81,-100,-84,-85,-100,-100,7
80,-71,-71,-87,-100,-90,-75,-100,-100,-100,-100,-100,-100,-100,-100,-100,-100,-100,7
81,-62,-100,-100,-100,-85,-71,-100,-100,-100,-100,-100,-100,-100,-100,-100,-100,-100,7
82,-72,-70,-75,-88,-86,-81,-100,-100,-100,-100,-100,-89,-84,-100,-89,-100,-100,7
83,-62,-70,-70,-100,-85,-74,-100,-100,-100,-100,-100,-100,-100,-87,-87,-100,-100,7
84,-58,-75,-75,-100,-100,-83,-100,-100,-100,-100,-100,-100,-100,-100,-100,-100,-100,7
85,-70,-77,-74,-89,-80,-66,-100,-100,-100,-100,-100,-100,-100,-100,-100,-100,-100,7
86,-63,-100,-100,-100,-90,-72,-100,-100,-100,-100,-100,-100,-100,-100,-100,-100,-100,7
87,-63,-91,-77,-100,-82,-71,-100,-100,-100,-100,-100,-100,-100,-100,-100,-100,-100,7
88,-68,-66,-80,-100,-87,-73,-100,-100,-100,-100,-88,-86,-86,-100,-100,-100,-100,7
89,-70,-100,-100,-100,-92,-78,-100,-100,-100,-100,-100,-100,-100,-100,-100,-100,-100,7
90,-58,-66,-74,-100,-88,-76,-100,-100,-100,-100,-100,-100,-100,-100,-100,-100,-100,7
91,-71,-63,-77,-100,-84,-65,-100,-100,-100,-100,-100,-100,-100,-100,-100,-100,-100,7
92,-62,-69,-77,-88,-84,-77,-100,-100,-100,-100,-100,-100,-100,-100,-100,-100,-100,7
93,-64,-78,-72,-86,-88,-66,-100,-100,-89,-100,-100,-100,-100,-87,-84,-100,-100,7
94,-68,-76,-84,-100,-88,-76,-100,-100,-100,-100,-100,-89,-100,-89,-100,-100,-100,7
95,-68,-77,-67,-100,-87,-67,-100,-88,-88,-86,-87,-87,-87,-86,-100,-100,-100,7
96,-59,-76,-85,-100,-87,-77,-100,-100,-100,-100,-100,-100,-100,-100,-100,-100,-100,7
97,-66,-63,-78,-91,-86,-69,-100,-100,-100,-100,-100,-100,-86,-87,-100,-100,-100,7
98,-64,-80,-79,-100,-90,-71,-100,-100,-100,-100,-100,-100,-100,-100,-100,-100,-100,7
99,-65,-69,-82,-100,-86,-70,-100,-100,-100,-100,-100,-100,-100,-100,-100,-100,-100,7
100,-69,-79,-83,-100,-83,-82,-100,-100,-100,-100,-100,-100,-100,-100,-100,-100,-100,7
101,-80,-71,-80,-90,-90,-78,-100,-100,-100,-100,-100,-100,-100,-100,-100,-100,-100,7
102,-63,-71,-73,-100,-84,-68,-100,-100,-100,-100,-100,-100,-100,-100,-100,-100,-100,7
103,-64,-70,-100,-86,-86,-69,-100,-100,-100,-100,-100,-100,-100,-100,-100,-100,-100,7
104,-72,-74,-71,-100,-90,-66,-100,-100,-100,-84,-100,-100,-100,-100,-100,-100,-100,7
105,-52,-74,-72,-100,-86,-69,-100,-100,-100,-100,-100,-100,-100,-100,-100,-100,-100,7
106,-64,-75,-71,-100,-85,-68,-100,-100,-100,-100,-100,-84,-100,-100,-100,-100,-100,7
107,-66,-72,-100,-100,-87,-79,-100,-100,-100,-100,-100,-100,-100,-100,-100,-100,-100,7
108,-61,-62,-76,-100,-88,-68,-100,-100,-100,-100,-100,-100,-100,-100,-100,-100,-100,7
109,-58,-62,-64,-88,-81,-58,-100,-100,-85,-100,-100,-100,-100,-87,-100,-100,-100,7
110,-62,-61,-77,-84,-86,-68,-100,-100,-100,-100,-100,-100,-100,-100,-100,-100,-100,7
111,-59,-68,-100,-91,-86,-69,-100,-100,-100,-100,-100,-100,-100,-100,-100,-100,-100,7
112,-63,-71,-76,-100,-87,-69,-100,-100,-100,-100,-100,-100,-100,-100,-100,-100,-100,7
113,-60,-78,-77,-100,-90,-81,-100,-100,-100,-100,-100,-100,-100,-100,-100,-100,-100,7
114,-63,-75,-83,-100,-87,-82,-100,-100,-85,-100,-100,-100,-100,-100,-100,-100,-100,7
115,-64,-64,-79,-100,-91,-75,-100,-100,-83,-85,-100,-100,-87,-100,-100,-100,-100,7
116,-51,-78,-75,-100,-83,-68,-92,-100,-100,-100,-88,-84,-100,-100,-100,-92,-100,7
117,-49,-71,-80,-100,-85,-70,-100,-100,-100,-100,-100,-100,-100,-100,-100,-100,-100,7
118,-51,-74,-73,-100,-86,-74,-100,-100,-100,-100,-100,-100,-100,-100,-100,-100,-100,7
119,-49,-77,-76,-88,-89,-66,-100,-100,-100,-85,-84,-100,-100,-100,-100,-100,-100,7
120,-51,-77,-81,-100,-85,-73,-100,-100,-100,-100,-100,-100,-100,-100,-100,-100,-100,7
121,-62,-75,-76,-100,-90,-77,-100,-100,-100,-100,-100,-100,-100,-100,-100,-100,-100,7
122,-51,-82,-86,-100,-100,-68,-100,-100,-81,-100,-82,-100,-100,-100,-100,-100,-100,7
123,-47,-75,-79,-100,-82,-64,-100,-100,-84,-81,-100,-100,-100,-100,-100,-100,-100,7
124,-54,-75,-75,-100,-91,-76,-100,-100,-100,-82,-81,-100,-100,-100,-100,-100,-100,7
125,-62,-71,-72,-100,-81,-73,-100,-100,-85,-100,-100,-82,-83,-100,-88,-100,-100,7
126,-53,-68,-82,-100,-100,-66,-100,-100,-100,-100,-100,-100,-100,-100,-90,-100,-100,7
127,-53,-74,-76,-100,-89,-66,-100,-86,-100,-88,-100,-100,-100,-100,-100,-100,-100,7
128,-60,-79,-82,-90,-90,-71,-100,-100,-100,-100,-100,-100,-100,-100,-100,-100,-100,7
129,-54,-91,-84,-100,-85,-74,-100,-100,-88,-100,-91,-100,-100,-100,-93,-100,-100,7
130,-63,-68,-67,-87,-88,-58,-100,-100,-100,-89,-100,-82,-100,-100,-100,-88,-100,7
131,-62,-66,-76,-85,-83,-65,-100,-82,-100,-85,-82,-100,-100,-100,-100,-100,-100,7
132,-59,-80,-79,-87,-89,-68,-100,-100,-84,-100,-100,-100,-100,-100,-100,-100,-100,7
133,-54,-73,-73,-77,-85,-75,-100,-100,-100,-100,-100,-100,-100,-90,-100,-100,-100,7
134,-62,-67,-78,-90,-79,-62,-100,-100,-85,-100,-100,-100,-100,-89,-86,-100,-100,7
135,-51,-68,-75,-100,-88,-64,-100,-100,-100,-100,-100,-100,-100,-100,-100,-100,-100,7
136,-60,-69,-73,-100,-84,-75,-100,-100,-100,-100,-100,-88,-83,-100,-100,-92,-100,7
137,-60,-73,-70,-89,-84,-62,-100,-84,-84,-100,-100,-100,-83,-100,-84,-100,-100,7
138,-64,-73,-74,-100,-87,-63,-100,-82,-86,-82,-100,-100,-100,-88,-85,-100,-100,7
139,-59,-68,-74,-85,-81,-73,-100,-100,-100,-100,-100,-100,-100,-100,-100,-100,-100,7
140,-64,-75,-79,-100,-83,-70,-100,-100,-100,-100,-100,-100,-100,-100,-100,-100,-100,7
141,-56,-84,-83,-85,-83,-71,-100,-100,-100,-100,-83,-100,-100,-100,-100,-100,-100,7
142,-62,-66,-66,-100,-87,-67,-100,-100,-100,-100,-100,-100,-100,-100,-100,-85,-100,7
143,-66,-70,-68,-88,-83,-100,-100,-100,-100,-100,-100,-100,-100,-100,-100,-100,-100,7
144,-57,-61,-69,-83,-80,-61,-100,-78,-79,-84,-81,-82,-80,-100,-78,-100,-100,7
145,-62,-74,-100,-89,-82,-87,-100,-100,-100,-100,-100,-100,-100,-100,-100,-89,-100,7
146,-48,-70,-100,-88,-85,-74,-100,-86,-100,-100,-85,-86,-100,-87,-87,-100,-100,7
147,-52,-72,-100,-100,-78,-69,-100,-100,-100,-90,-100,-79,-82,-80,-83,-85,-100,7
148,-57,-63,-100,-89,-89,-79,-100,-89,-86,-89,-100,-100,-100,-100,-100,-100,-100,7
149,-66,-70,-100,-100,-84,-65,-100,-87,-88,-90,-87,-100,-88,-87,-87,-100,-100,7
150,-52,-71,-100,-100,-90,-80,-100,-100,-100,-88,-86,-87,-88,-100,-100,-100,-100,7
151,-50,-73,-100,-100,-86,-65,-100,-85,-86,-100,-100,-88,-100,-100,-100,-100,-100,7
152,-52,-68,-100,-89,-89,-65,-100,-87,-87,-84,-88,-87,-87,-86,-87,-100,-100,7
153,-70,-75,-100,-90,-90,-67,-100,-100,-100,-100,-84,-86,-87,-84,-100,-100,-100,7
154,-61,-80,-100,-100,-84,-67,-100,-88,-85,-85,-85,-84,-87,-86,-100,-100,-100,7
155,-69,-67,-100,-100,-88,-74,-100,-85,-84,-86,-86,-100,-89,-100,-100,-100,-100,7
156,-59,-71,-100,-100,-81,-77,-100,-83,-100,-83,-81,-83,-85,-83,-85,-100,-100,7
157,-57,-65,-100,-100,-88,-63,-100,-100,-89,-86,-86,-85,-86,-86,-83,-100,-100,7
158,-64,-69,-100,-100,-83,-74,-100,-100,-100,-100,-100,-100,-100,-100,-100,-100,-100,7
159,-67,-75,-100,-100,-80,-68,-100,-100,-89,-88,-90,-86,-90,-100,-88,-100,-100,7
160,-58,-81,-79,-100,-89,-78,-100,-87,-85,-82,-86,-100,-100,-100,-100,-100,-100,7
161,-53,-82,-100,-100,-89,-66,-100,-100,-100,-100,-88,-100,-100,-89,-100,-100,-100,7
162,-55,-82,-73,-100,-91,-78,-100,-100,-100,-100,-100,-100,-100,-100,-100,-100,-100,7
163,-61,-76,-100,-100,-100,-72,-100,-84,-87,-90,-84,-100,-100,-100,-90,-100,-100,7
164,-58,-75,-100,-93,-80,-71,-100,-85,-87,-88,-85,-86,-84,-100,-86,-100,-100,7
165,-61,-81,-100,-92,-87,-74,-100,-100,-100,-100,-100,-100,-100,-100,-100,-100,-100,7
166,-54,-68,-81,-100,-89,-70,-100,-100,-85,-100,-85,-100,-85,-100,-100,-100,-100,7
167,-52,-81,-100,-100,-86,-80,-100,-100,-100,-100,-100,-100,-100,-100,-100,-100,-100,7
168,-65,-75,-74,-100,-80,-69,-100,-87,-100,-100,-88,-100,-85,-89,-100,-100,-100,7
169,-54,-76,-100,-100,-88,-69,-100,-100,-100,-100,-100,-100,-100,-100,-100,-100,-100,7
170,-60,-79,-100,-100,-92,-75,-100,-88,-100,-100,-100,-88,-100,-89,-88,-100,-100,7
171,-55,-82,-100,-100,-90,-78,-100,-88,-88,-87,-88,-100,-100,-100,-100,-100,-100,7
172,-65,-84,-100,-100,-89,-71,-100,-86,-86,-100,-100,-89,-87,-86,-88,-100,-100,7
173,-61,-78,-100,-100,-90,-72,-100,-100,-100,-100,-100,-100,-100,-100,-100,-100,-100,7
174,-52,-70,-81,-100,-87,-69,-100,-86,-86,-100,-85,-84,-100,-84,-87,-100,-100,7
175,-52,-68,-85,-100,-82,-72,-100,-84,-84,-84,-83,-87,-84,-100,-100,-100,-100,7
176,-59,-72,-76,-100,-100,-73,-100,-83,-85,-84,-84,-82,-82,-86,-86,-100,-100,7
177,-53,-69,-100,-100,-100,-68,-100,-86,-87,-85,-100,-88,-87,-88,-86,-100,-100,7
178,-53,-84,-82,-100,-100,-74,-100,-100,-100,-100,-100,-100,-100,-100,-100,-100,-100,7
179,-53,-78,-78,-100,-100,-77,-100,-84,-85,-84,-85,-88,-89,-100,-100,-100,-100,7
180,-62,-79,-78,-100,-100,-66,-100,-82,-83,-83,-82,-88,-100,-100,-85,-100,-100,7
181,-57,-81,-80,-100,-100,-71,-100,-100,-87,-100,-100,-100,-89,-87,-89,-100,-100,7
182,-44,-80,-100,-100,-100,-69,-100,-86,-87,-84,-100,-100,-100,-87,-100,-87,-100,7
183,-54,-68,-71,-100,-100,-67,-100,-100,-80,-80,-81,-80,-100,-81,-81,-89,-100,7
184,-63,-76,-85,-100,-100,-70,-100,-83,-100,-84,-100,-89,-100,-90,-88,-100,-100,7
185,-63,-68,-77,-86,-80,-69,-100,-100,-100,-100,-100,-100,-100,-100,-100,-100,-100,7
186,-61,-71,-76,-100,-100,-75,-100,-89,-92,-100,-90,-100,-100,-100,-100,-100,-100,7
187,-58,-69,-100,-100,-84,-80,-100,-100,-100,-100,-91,-86,-87,-88,-87,-100,-100,7
188,-58,-64,-100,-100,-79,-75,-100,-100,-100,-100,-100,-100,-100,-100,-100,-100,-100,7
189,-63,-62,-75,-89,-100,-78,-100,-100,-100,-100,-84,-100,-87,-100,-100,-100,-100,7
190,-62,-67,-76,-100,-79,-74,-100,-100,-100,-100,-100,-84,-86,-100,-83,-100,-100,7
191,-56,-79,-76,-100,-80,-69,-100,-83,-83,-100,-84,-84,-83,-85,-84,-100,-100,7
192,-55,-72,-80,-100,-100,-66,-100,-88,-83,-85,-85,-100,-100,-100,-100,-100,-100,7
193,-58,-83,-100,-100,-100,-66,-100,-100,-87,-100,-100,-90,-100,-100,-100,-100,-100,7
194,-55,-84,-72,-100,-82,-73,-100,-87,-90,-88,-100,-88,-100,-100,-100,-100,-100,7
195,-47,-69,-72,-100,-76,-75,-100,-81,-80,-82,-83,-86,-100,-100,-100,-100,-100,7
196,-60,-79,-72,-100,-75,-66,-100,-100,-100,-100,-100,-100,-100,-100,-100,-100,-100,7
197,-57,-100,-76,-100,-85,-63,-100,-85,-84,-84,-85,-85,-86,-89,-88,-100,-100,7
198,-68,-75,-72,-100,-100,-73,-100,-100,-100,-100,-100,-100,-100,-100,-100,-100,-100,7
199,-63,-65,-75,-100,-91,-74,-100,-85,-87,-87,-87,-87,-83,-100,-84,-100,-100,7
200,-50,-62,-71,-100,-78,-72,-100,-100,-100,-100,-100,-90,-87,-86,-87,-100,-100,7
201,-51,-73,-81,-85,-80,-76,-100,-87,-83,-87,-100,-83,-87,-82,-83,-100,-100,7
202,-48,-69,-100,-100,-85,-75,-100,-90,-91,-92,-89,-100,-100,-100,-89,-100,-100,7
203,-56,-76,-77,-100,-86,-71,-100,-100,-90,-100,-92,-100,-90,-100,-100,-100,-100,7
204,-62,-73,-77,-100,-100,-78,-100,-88,-91,-100,-100,-89,-91,-100,-86,-100,-100,7
205,-68,-69,-100,-100,-82,-72,-100,-85,-83,-83,-85,-91,-87,-85,-90,-100,-100,7
206,-52,-74,-100,-100,-87,-65,-100,-89,-92,-86,-89,-100,-100,-100,-100,-100,-100,7
207,-60,-83,-83,-100,-100,-67,-100,-100,-100,-100,-100,-88,-100,-100,-100,-100,-100,7
208,-60,-79,-100,-100,-89,-61,-100,-100,-100,-100,-100,-100,-100,-100,-100,-100,-100,7
209,-62,-72,-100,-100,-100,-76,-100,-87,-90,-90,-88,-100,-100,-100,-100,-100,-100,7
210,-53,-74,-100,-100,-100,-70,-100,-88,-100,-87,-85,-100,-90,-90,-100,-100,-100,7
211,-54,-78,-100,-100,-100,-68,-100,-100,-100,-100,-100,-100,-100,-100,-100,-100,-100,7
212,-57,-76,-85,-100,-89,-80,-100,-86,-87,-86,-84,-100,-90,-100,-100,-100,-100,7
213,-62,-67,-100,-100,-89,-75,-100,-100,-100,-100,-90,-88,-89,-88,-90,-100,-100,7
214,-63,-77,-84,-100,-85,-80,-100,-83,-85,-86,-87,-100,-100,-100,-100,-100,-100,7
215,-52,-73,-85,-100,-100,-62,-100,-85,-86,-86,-86,-100,-100,-100,-100,-100,-100,7
216,-60,-78,-82,-100,-100,-68,-100,-85,-100,-90,-100,-100,-100,-100,-100,-100,-100,7
217,-56,-66,-86,-100,-100,-69,-100,-100,-89,-89,-86,-87,-90,-89,-88,-100,-100,7
218,-54,-72,-86,-100,-88,-70,-100,-86,-84,-84,-86,-100,-100,-100,-100,-100,-100,7
219,-62,-76,-79,-100,-100,-78,-100,-90,-100,-88,-89,-91,-90,-87,-90,-100,-100,7
220,-60,-84,-85,-100,-100,-72,-100,-89,-89,-91,-88,-100,-100,-100,-100,-100,-100,7
221,-46,-76,-84,-100,-87,-82,-100,-89,-89,-100,-100,-100,-100,-100,-100,-100,-100,7
222,-58,-75,-100,-100,-87,-80,-100,-84,-87,-100,-100,-90,-100,-89,-90,-100,-100,7
223,-51,-74,-100,-85,-100,-72,-100,-100,-100,-100,-100,-100,-86,-100,-87,-100,-100,7
224,-57,-72,-77,-100,-89,-74,-100,-88,-85,-86,-83,-89,-89,-88,-100,-100,-100,7
225,-66,-78,-84,-100,-88,-73,-100,-100,-89,-100,-100,-86,-100,-100,-100,-100,-100,7
226,-60,-73,-87,-100,-88,-72,-100,-100,-100,-100,-100,-100,-88,-87,-89,-100,-100,7
227,-70,-69,-100,-100,-100,-70,-100,-100,-100,-100,-100,-100,-100,-100,-100,-100,-100,7
228,-55,-72,-84,-100,-87,-68,-100,-100,-100,-100,-100,-100,-100,-100,-100,-100,-100,7
229,-58,-79,-100,-100,-100,-74,-100,-100,-100,-100,-100,-90,-100,-88,-100,-100,-100,7
230,-53,-78,-100,-100,-100,-71,-100,-100,-100,-100,-100,-100,-100,-100,-100,-100,-100,7
231,-61,-72,-81,-100,-100,-76,-100,-84,-100,-100,-89,-89,-91,-100,-90,-100,-100,7
232,-50,-81,-86,-100,-93,-61,-100,-100,-100,-100,-100,-100,-100,-100,-100,-100,-100,7
233,-62,-89,-85,-100,-87,-72,-100,-100,-100,-87,-89,-91,-100,-100,-100,-100,-100,7
234,-70,-71,-77,-100,-92,-77,-100,-100,-100,-90,-89,-100,-90,-100,-100,-100,-100,7
235,-59,-85,-83,-100,-100,-67,-100,-83,-83,-85,-86,-100,-100,-100,-100,-100,-100,7
236,-58,-74,-77,-100,-100,-65,-100,-100,-100,-84,-88,-100,-85,-100,-87,-100,-100,7
237,-60,-80,-78,-100,-88,-76,-100,-88,-87,-89,-88,-100,-100,-100,-100,-100,-100,7
238,-63,-70,-80,-100,-87,-78,-100,-85,-87,-85,-85,-100,-100,-100,-100,-100,-100,7
239,-60,-71,-87,-100,-91,-69,-100,-100,-100,-100,-100,-100,-92,-90,-100,-100,-100,7
240,-62,-80,-75,-100,-100,-63,-100,-87,-89,-88,-86,-100,-100,-92,-100,-100,-100,7
241,-54,-74,-100,-100,-100,-78,-100,-100,-100,-100,-88,-88,-100,-87,-88,-100,-100,7
242,-49,-86,-80,-100,-87,-71,-100,-100,-100,-100,-100,-88,-87,-85,-89,-100,-100,7
243,-60,-72,-76,-100,-100,-67,-100,-90,-88,-90,-88,-100,-100,-100,-100,-100,-100,7
244,-62,-78,-85,-100,-100,-76,-100,-90,-89,-100,-88,-83,-83,-83,-82,-100,-100,7
245,-53,-67,-80,-100,-100,-65,-100,-89,-89,-90,-100,-100,-83,-100,-84,-100,-100,7
246,-53,-82,-78,-100,-100,-64,-100,-87,-100,-84,-85,-88,-91,-100,-90,-100,-100,7
247,-52,-72,-83,-100,-84,-79,-100,-100,-89,-89,-87,-87,-88,-85,-89,-100,-100,7
248,-63,-75,-86,-86,-100,-71,-100,-100,-100,-100,-100,-89,-87,-86,-88,-100,-100,7
249,-63,-70,-84,-100,-100,-68,-100,-100,-100,-86,-86,-85,-100,-84,-86,-100,-100,7
250,-53,-75,-85,-100,-85,-90,-100,-84,-88,-86,-91,-89,-100,-100,-90,-100,-100,7
251,-62,-73,-82,-100,-100,-74,-100,-100,-100,-100,-100,-100,-100,-100,-100,-100,-100,7
252,-62,-71,-74,-100,-85,-64,-100,-100,-100,-100,-100,-100,-100,-100,-100,-100,-100,7
253,-67,-80,-78,-100,-84,-73,-100,-100,-100,-100,-100,-82,-83,-82,-82,-100,-100,7
254,-73,-69,-79,-100,-90,-64,-100,-81,-100,-100,-100,-79,-82,-82,-100,-100,-100,7
255,-64,-77,-82,-100,-100,-82,-100,-88,-88,-89,-88,-100,-100,-100,-100,-100,-100,7
256,-69,-64,-71,-100,-100,-73,-100,-81,-81,-80,-82,-81,-82,-81,-81,-100,-100,7
257,-71,-75,-77,-86,-83,-74,-100,-100,-100,-100,-100,-100,-100,-100,-100,-100,-100,7
258,-56,-82,-81,-100,-100,-80,-100,-100,-100,-86,-100,-100,-100,-89,-89,-100,-100,7
259,-44,-75,-84,-100,-100,-76,-100,-80,-80,-81,-76,-100,-87,-86,-84,-100,-100,7
260,-61,-73,-78,-100,-100,-70,-100,-87,-86,-100,-88,-87,-87,-100,-85,-100,-100,7
261,-62,-73,-81,-100,-89,-71,-100,-76,-80,-79,-79,-89,-88,-89,-88,-100,-100,7
262,-69,-71,-83,-100,-84,-74,-100,-100,-85,-86,-100,-88,-85,-85,-85,-100,-100,7
263,-65,-66,-72,-100,-83,-68,-100,-100,-87,-87,-87,-85,-100,-82,-100,-100,-100,7
264,-73,-78,-78,-100,-100,-68,-100,-87,-89,-100,-87,-89,-100,-100,-100,-100,-100,7
265,-62,-85,-100,-100,-100,-72,-100,-100,-100,-100,-100,-100,-100,-100,-100,-100,-100,7
266,-62,-71,-81,-100,-83,-83,-100,-100,-100,-90,-100,-89,-86,-89,-88,-100,-100,7
267,-64,-72,-84,-100,-100,-72,-100,-100,-100,-100,-100,-100,-100,-100,-100,-100,-100,7
268,-56,-75,-100,-100,-90,-64,-100,-100,-100,-100,-100,-100,-100,-100,-100,-100,-100,7
269,-63,-64,-78,-100,-87,-80,-100,-89,-100,-100,-88,-100,-88,-88,-84,-100,-100,7
270,-64,-67,-100,-100,-100,-71,-100,-86,-86,-82,-84,-84,-86,-82,-82,-100,-100,7
271,-71,-70,-77,-100,-78,-69,-100,-83,-87,-100,-85,-83,-82,-80,-82,-100,-100,7
272,-53,-80,-100,-100,-100,-77,-100,-100,-84,-84,-91,-100,-100,-100,-100,-100,-100,7
273,-55,-79,-100,-100,-90,-81,-100,-90,-88,-87,-89,-100,-88,-100,-100,-100,-100,7
274,-65,-73,-100,-100,-100,-70,-100,-100,-100,-100,-100,-100,-100,-100,-100,-100,-100,7
275,-53,-83,-80,-100,-100,-73,-100,-89,-89,-87,-86,-100,-100,-100,-100,-100,-100,7
276,-63,-80,-86,-100,-100,-74,-100,-100,-100,-86,-87,-100,-100,-90,-100,-100,-100,7
277,-54,-83,-100,-100,-100,-73,-100,-100,-90,-89,-89,-100,-100,-100,-100,-100,-100,7
278,-47,-75,-100,-100,-100,-68,-100,-86,-84,-88,-86,-100,-100,-100,-89,-100,-100,7
279,-61,-74,-100,-100,-91,-76,-100,-100,-100,-100,-100,-100,-100,-100,-100,-100,-100,7
280,-67,-86,-100,-100,-90,-72,-100,-100,-100,-100,-100,-100,-100,-100,-100,-100,-100,7
281,-55,-81,-84,-100,-100,-82,-100,-81,-80,-81,-81,-90,-100,-100,-100,-100,-100,7
282,-63,-77,-77,-100,-100,-79,-100,-90,-85,-88,-87,-100,-100,-100,-100,-100,-100,7
283,-58,-87,-82,-100,-100,-80,-100,-84,-84,-85,-85,-100,-100,-100,-100,-100,-100,7
284,-64,-67,-81,-100,-82,-69,-100,-88,-91,-88,-87,-88,-89,-88,-89,-100,-100,7
285,-67,-76,-82,-100,-86,-82,-100,-88,-87,-86,-86,-86,-85,-85,-85,-100,-100,7
286,-76,-76,-83,-100,-87,-68,-100,-89,-89,-88,-90,-88,-100,-100,-100,-100,-100,7
287,-70,-77,-81,-100,-86,-70,-100,-100,-100,-100,-100,-100,-100,-100,-100,-100,-100,7
288,-71,-70,-100,-100,-100,-76,-100,-100,-100,-100,-100,-90,-100,-100,-87,-100,-100,7
289,-61,-70,-73,-100,-100,-72,-100,-87,-100,-87,-88,-84,-86,-91,-85,-100,-100,7
290,-58,-76,-72,-100,-89,-74,-100,-88,-87,-88,-86,-86,-87,-90,-89,-100,-100,7
291,-60,-69,-78,-100,-100,-75,-100,-84,-100,-85,-100,-85,-84,-85,-84,-100,-100,7
292,-56,-67,-73,-92,-81,-65,-100,-83,-82,-84,-82,-82,-83,-81,-82,-100,-100,7
293,-57,-80,-73,-100,-100,-100,-100,-80,-81,-80,-79,-86,-85,-87,-86,-100,-100,7
294,-54,-82,-77,-100,-100,-67,-100,-84,-83,-83,-83,-87,-85,-87,-85,-100,-100,7
295,-51,-69,-74,-100,-80,-69,-100,-87,-87,-87,-87,-89,-100,-89,-100,-100,-100,7
296,-50,-72,-71,-100,-83,-74,-100,-100,-100,-100,-100,-100,-100,-100,-100,-100,-100,7
297,-48,-72,-100,-100,-88,-100,-100,-100,-100,-100,-100,-100,-100,-100,-100,-100,-100,7
298,-55,-70,-77,-100,-100,-66,-100,-100,-100,-100,-100,-91,-88,-88,-100,-100,-100,7
299,-54,-75,-78,-100,-89,-78,-100,-84,-100,-82,-82,-90,-89,-87,-88,-100,-100,7
300,-62,-77,-85,-100,-87,-74,-100,-87,-88,-100,-86,-100,-100,-88,-100,-100,-100,7
301,-61,-73,-80,-100,-89,-74,-100,-85,-100,-100,-84,-85,-85,-100,-86,-100,-100,7
302,-58,-70,-84,-100,-100,-89,-100,-85,-85,-86,-86,-100,-89,-89,-88,-100,-100,7
303,-56,-74,-79,-100,-86,-77,-100,-80,-80,-82,-81,-100,-100,-100,-100,-100,-100,7
304,-75,-87,-100,-100,-100,-77,-100,-87,-88,-90,-100,-100,-100,-100,-100,-100,-100,7
305,-59,-72,-100,-100,-91,-81,-100,-100,-100,-100,-100,-87,-89,-87,-86,-100,-100,7
306,-61,-70,-100,-100,-100,-86,-100,-100,-100,-100,-100,-87,-87,-100,-100,-100,-100,7
307,-61,-67,-100,-100,-100,-79,-100,-100,-100,-100,-100,-100,-100,-100,-100,-100,-100,7
308,-56,-68,-80,-100,-100,-74,-100,-100,-100,-100,-100,-90,-100,-100,-100,-100,-100,7
309,-61,-80,-85,-100,-90,-79,-100,-100,-100,-100,-100,-100,-100,-100,-91,-100,-100,7
310,-54,-72,-84,-100,-100,-85,-100,-100,-100,-100,-100,-89,-100,-100,-100,-100,-100,7
311,-60,-74,-86,-100,-87,-73,-100,-100,-100,-100,-100,-100,-100,-100,-100,-100,-100,7
312,-63,-71,-100,-100,-100,-84,-100,-100,-100,-100,-100,-100,-100,-100,-100,-100,-100,7
313,-58,-73,-100,-100,-100,-74,-100,-100,-100,-100,-100,-86,-87,-100,-87,-100,-100,7
314,-44,-73,-100,-100,-100,-62,-100,-100,-100,-88,-88,-86,-84,-82,-100,-100,-100,7
315,-53,-78,-71,-88,-85,-72,-100,-83,-82,-83,-84,-87,-84,-85,-86,-100,-100,7
316,-51,-70,-100,-100,-100,-68,-100,-100,-100,-100,-100,-88,-86,-88,-89,-100,-100,7
317,-55,-72,-77,-100,-100,-67,-100,-85,-83,-84,-82,-85,-100,-100,-86,-100,-100,7
318,-53,-81,-100,-100,-90,-72,-100,-83,-84,-84,-84,-100,-86,-86,-100,-100,-100,7
319,-54,-71,-78,-100,-100,-73,-100,-86,-87,-100,-100,-100,-100,-100,-100,-100,-100,7
320,-57,-71,-78,-100,-100,-65,-100,-84,-85,-84,-84,-100,-100,-100,-100,-100,-100,7
321,-53,-71,-78,-100,-86,-67,-100,-85,-86,-85,-84,-100,-100,-89,-89,-100,-100,7
322,-64,-83,-84,-100,-84,-73,-100,-84,-83,-84,-80,-100,-100,-100,-100,-100,-100,7
323,-59,-77,-82,-100,-88,-63,-100,-100,-100,-100,-100,-100,-100,-100,-100,-100,-100,7
324,-60,-81,-83,-100,-87,-72,-100,-83,-82,-84,-81,-100,-100,-100,-100,-100,-100,7
325,-67,-73,-79,-100,-89,-70,-100,-81,-80,-80,-82,-100,-100,-100,-100,-100,-100,7
326,-66,-73,-80,-100,-100,-82,-100,-82,-82,-83,-83,-100,-100,-100,-88,-100,-100,7
327,-67,-78,-78,-100,-100,-71,-100,-82,-81,-82,-81,-90,-89,-88,-89,-100,-100,7
328,-54,-78,-80,-100,-87,-68,-100,-80,-78,-79,-80,-100,-100,-100,-100,-100,-100,7
329,-61,-73,-86,-100,-100,-80,-100,-85,-82,-85,-82,-100,-100,-100,-100,-100,-100,7
330,-59,-76,-84,-100,-88,-71,-100,-89,-89,-100,-100,-100,-100,-100,-100,-100,-100,7
331,-61,-74,-100,-100,-89,-77,-100,-100,-100,-100,-100,-90,-87,-88,-87,-100,-100,7
332,-58,-67,-100,-100,-88,-69,-100,-100,-100,-100,-100,-100,-100,-100,-100,-100,-100,7
333,-66,-74,-87,-100,-81,-65,-100,-100,-100,-100,-100,-100,-88,-100,-100,-100,-100,7
334,-73,-70,-83,-92,-100,-86,-100,-100,-100,-100,-100,-100,-100,-100,-100,-100,-100,7
335,-59,-85,-85,-100,-86,-66,-100,-100,-100,-100,-100,-100,-88,-100,-100,-100,-100,7
336,-62,-70,-85,-100,-91,-74,-100,-88,-88,-89,-89,-100,-100,-100,-100,-100,-100,7
337,-65,-74,-100,-100,-100,-67,-100,-89,-100,-100,-100,-100,-100,-100,-100,-100,-100,7
338,-63,-79,-100,-100,-90,-68,-100,-100,-100,-100,-100,-100,-100,-100,-100,-100,-100,7
339,-65,-82,-100,-100,-88,-62,-100,-81,-80,-81,-82,-100,-100,-100,-100,-100,-100,7
340,-55,-76,-77,-100,-91,-73,-100,-82,-82,-82,-83,-87,-88,-88,-88,-100,-100,7
341,-57,-77,-83,-100,-92,-79,-100,-88,-100,-88,-89,-90,-100,-100,-88,-100,-100,7
342,-59,-75,-77,-100,-89,-71,-100,-100,-100,-100,-100,-100,-100,-100,-100,-100,-100,7
343,-62,-78,-83,-100,-100,-71,-100,-83,-84,-85,-85,-100,-100,-100,-100,-100,-100,7
344,-59,-81,-100,-100,-100,-72,-100,-84,-84,-85,-83,-89,-87,-88,-88,-100,-100,7
345,-65,-84,-79,-100,-89,-77,-100,-87,-87,-88,-86,-100,-100,-100,-100,-100,-100,7
346,-67,-73,-77,-89,-100,-70,-100,-82,-82,-82,-84,-100,-100,-90,-100,-100,-100,7
347,-54,-73,-78,-100,-100,-71,-100,-100,-100,-100,-100,-100,-100,-100,-100,-100,-100,7
348,-67,-78,-100,-100,-100,-67,-100,-100,-87,-87,-88,-90,-88,-89,-89,-100,-100,7
349,-61,-71,-100,-100,-100,-76,-100,-80,-81,-80,-81,-88,-100,-86,-87,-100,-100,7
350,-62,-71,-78,-100,-100,-67,-100,-77,-77,-77,-77,-100,-100,-100,-100,-100,-100,7
351,-61,-68,-78,-100,-88,-67,-100,-73,-74,-100,-74,-84,-82,-82,-84,-100,-100,7
352,-67,-75,-77,-100,-91,-78,-100,-80,-81,-81,-81,-87,-87,-89,-88,-100,-100,7
353,-63,-82,-77,-100,-87,-75,-100,-100,-100,-100,-92,-90,-87,-90,-89,-100,-100,7
354,-69,-76,-86,-100,-100,-79,-100,-87,-85,-84,-84,-86,-86,-87,-88,-100,-100,7
355,-57,-73,-77,-100,-100,-67,-100,-88,-88,-87,-87,-100,-100,-100,-100,-100,-100,7
356,-62,-74,-77,-100,-92,-63,-100,-78,-78,-77,-78,-85,-86,-88,-87,-100,-100,7
357,-56,-81,-81,-100,-100,-78,-100,-78,-78,-78,-78,-100,-100,-100,-100,-100,-100,7
358,-68,-72,-100,-100,-88,-65,-100,-83,-83,-84,-84,-100,-100,-100,-100,-100,-100,7
359,-62,-72,-78,-100,-88,-80,-100,-79,-77,-77,-77,-88,-87,-85,-85,-100,-100,7
360,-64,-78,-79,-100,-89,-71,-100,-100,-78,-77,-78,-88,-89,-88,-88,-100,-100,7
361,-59,-70,-100,-100,-89,-69,-100,-85,-85,-84,-84,-83,-82,-82,-83,-100,-100,7
362,-51,-75,-85,-100,-87,-65,-100,-76,-76,-74,-77,-100,-100,-100,-100,-100,-100,7
363,-54,-75,-81,-100,-89,-70,-100,-79,-78,-79,-78,-100,-91,-100,-89,-100,-100,7
364,-54,-81,-86,-100,-90,-79,-100,-100,-100,-100,-85,-88,-87,-89,-90,-100,-100,7
365,-54,-76,-100,-100,-88,-72,-100,-100,-100,-100,-100,-100,-100,-100,-100,-100,-100,7
366,-54,-72,-90,-100,-100,-76,-100,-100,-88,-87,-86,-100,-100,-100,-100,-100,-100,7
367,-56,-87,-100,-100,-100,-71,-100,-87,-88,-100,-87,-100,-100,-100,-100,-100,-100,7
368,-63,-77,-100,-100,-100,-66,-100,-100,-87,-85,-87,-88,-86,-87,-88,-100,-100,7
369,-61,-74,-100,-100,-100,-67,-100,-85,-85,-84,-84,-100,-100,-100,-100,-100,-100,7
370,-73,-80,-88,-100,-100,-69,-100,-86,-87,-85,-87,-90,-88,-100,-88,-100,-100,7
371,-62,-80,-89,-100,-91,-59,-100,-100,-100,-100,-100,-100,-100,-100,-100,-100,-100,7
372,-60,-82,-81,-100,-100,-72,-100,-87,-87,-86,-88,-90,-90,-90,-89,-100,-100,7
373,-63,-79,-100,-100,-100,-68,-100,-82,-81,-81,-81,-100,-100,-88,-100,-100,-100,7
374,-54,-81,-100,-100,-100,-71,-100,-100,-100,-100,-100,-100,-100,-100,-100,-100,-100,7
375,-52,-78,-100,-100,-100,-72,-100,-88,-88,-88,-91,-100,-100,-100,-100,-100,-100,7
376,-61,-73,-83,-100,-100,-64,-100,-100,-100,-100,-100,-100,-100,-100,-100,-100,-100,7
377,-51,-78,-100,-100,-86,-74,-100,-100,-100,-100,-100,-100,-100,-100,-100,-100,-100,7
378,-61,-80,-100,-100,-100,-80,-100,-88,-87,-87,-89,-100,-100,-100,-100,-100,-100,7
379,-61,-79,-83,-100,-85,-77,-100,-79,-100,-78,-78,-100,-100,-88,-100,-100,-100,7
380,-82,-79,-80,-100,-100,-67,-100,-86,-85,-85,-85,-89,-90,-100,-100,-100,-100,7
381,-56,-75,-83,-100,-93,-72,-100,-100,-79,-78,-80,-88,-88,-100,-87,-100,-100,7
382,-52,-73,-100,-100,-100,-68,-100,-100,-86,-100,-100,-88,-88,-88,-89,-100,-100,7
383,-54,-70,-80,-89,-90,-62,-100,-81,-81,-83,-83,-83,-83,-81,-83,-100,-100,7
384,-62,-72,-100,-100,-100,-65,-100,-84,-85,-82,-84,-100,-100,-87,-89,-100,-100,7
385,-62,-69,-100,-100,-100,-75,-100,-89,-88,-89,-100,-100,-100,-100,-100,-100,-100,7
386,-62,-78,-88,-100,-100,-75,-100,-80,-80,-79,-79,-88,-100,-100,-100,-100,-100,7
387,-49,-88,-81,-100,-87,-79,-100,-83,-82,-83,-84,-87,-88,-88,-90,-100,-100,7
388,-56,-67,-78,-100,-87,-64,-100,-85,-86,-88,-100,-91,-100,-100,-100,-100,-100,7
389,-56,-86,-76,-100,-88,-66,-100,-83,-82,-86,-85,-100,-100,-100,-100,-100,-100,7
390,-53,-76,-83,-100,-86,-58,-100,-87,-86,-89,-88,-100,-90,-88,-88,-100,-100,7
391,-58,-72,-81,-100,-100,-68,-100,-100,-100,-100,-100,-100,-100,-100,-100,-100,-100,7
392,-61,-74,-80,-100,-86,-70,-100,-81,-84,-84,-83,-100,-87,-88,-89,-100,-100,7
393,-58,-71,-100,-91,-86,-76,-100,-88,-86,-88,-88,-100,-100,-100,-89,-100,-100,7
394,-50,-72,-100,-90,-89,-70,-100,-85,-84,-85,-84,-100,-100,-100,-100,-100,-100,7
395,-64,-77,-81,-100,-87,-70,-100,-87,-86,-89,-88,-100,-100,-100,-100,-100,-100,7
396,-64,-79,-81,-100,-88,-76,-100,-100,-100,-100,-100,-100,-100,-100,-100,-100,-100,7
397,-61,-72,-82,-100,-86,-69,-100,-100,-100,-100,-100,-100,-100,-100,-100,-100,-100,7
398,-60,-80,-84,-100,-100,-78,-100,-82,-81,-82,-83,-100,-100,-87,-88,-100,-100,7
399,-51,-79,-75,-100,-90,-78,-100,-77,-79,-78,-76,-100,-100,-100,-90,-100,-100,7
400,-62,-85,-77,-100,-87,-76,-100,-85,-85,-86,-84,-100,-100,-100,-100,-100,-100,7
401,-60,-75,-100,-100,-100,-75,-100,-77,-79,-77,-76,-100,-91,-100,-100,-100,-100,7
402,-57,-72,-83,-100,-85,-70,-100,-88,-100,-100,-100,-85,-88,-88,-88,-100,-100,7
403,-61,-75,-80,-100,-86,-76,-100,-83,-84,-86,-84,-100,-100,-100,-90,-100,-100,7
404,-52,-72,-80,-100,-86,-68,-100,-80,-81,-81,-80,-89,-88,-100,-100,-100,-100,7
405,-54,-71,-81,-100,-100,-71,-100,-89,-88,-90,-87,-100,-89,-100,-100,-100,-100,7
406,-77,-78,-82,-100,-88,-83,-100,-89,-100,-89,-88,-100,-100,-100,-100,-100,-100,7
407,-46,-77,-81,-100,-86,-76,-100,-100,-100,-100,-100,-100,-100,-100,-100,-100,-100,7
408,-59,-71,-100,-100,-86,-68,-100,-100,-100,-100,-100,-88,-100,-87,-88,-100,-100,7
409,-52,-77,-85,-100,-90,-78,-100,-100,-100,-100,-100,-100,-100,-100,-100,-100,-100,7
410,-51,-78,-86,-100,-88,-73,-100,-85,-86,-86,-85,-100,-100,-100,-100,-100,-100,7
411,-48,-82,-82,-100,-100,-87,-100,-89,-100,-100,-100,-100,-100,-100,-100,-100,-100,7
412,-52,-73,-87,-100,-89,-72,-100,-100,-100,-100,-100,-100,-100,-100,-100,-100,-100,7
413,-55,-70,-83,-100,-89,-78,-100,-100,-100,-100,-100,-100,-100,-100,-100,-100,-100,7
414,-50,-77,-85,-88,-87,-76,-100,-100,-100,-100,-100,-100,-100,-100,-100,-100,-100,7
415,-52,-68,-100,-90,-100,-68,-100,-100,-100,-100,-100,-100,-100,-100,-100,-100,-100,7
416,-55,-68,-79,-100,-89,-74,-100,-100,-100,-100,-100,-100,-88,-100,-100,-100,-100,7
417,-68,-68,-100,-100,-84,-72,-100,-89,-88,-87,-88,-86,-86,-86,-87,-100,-100,7
418,-60,-80,-100,-100,-100,-77,-100,-100,-100,-100,-100,-100,-100,-100,-100,-100,-100,7
419,-61,-78,-100,-100,-85,-73,-100,-100,-87,-86,-100,-89,-100,-100,-88,-100,-100,7
420,-65,-79,-100,-100,-89,-82,-100,-88,-88,-86,-100,-100,-100,-100,-100,-100,-100,7
421,-59,-77,-100,-100,-100,-70,-100,-100,-100,-100,-100,-100,-100,-100,-100,-100,-100,7
422,-61,-75,-100,-100,-100,-73,-100,-87,-89,-100,-90,-88,-89,-89,-88,-100,-100,7
423,-53,-77,-84,-100,-100,-72,-100,-100,-100,-100,-100,-100,-100,-100,-100,-100,-100,7
424,-54,-66,-75,-100,-76,-66,-100,-77,-76,-78,-76,-77,-77,-76,-77,-100,-100,7
425,-68,-69,-83,-100,-85,-67,-100,-89,-89,-88,-90,-100,-85,-89,-83,-100,-100,7
426,-62,-66,-100,-100,-81,-74,-100,-100,-89,-88,-89,-88,-87,-87,-88,-100,-100,7
427,-60,-68,-75,-100,-86,-69,-100,-100,-100,-100,-100,-89,-88,-90,-90,-100,-100,7
428,-60,-77,-100,-100,-100,-77,-100,-88,-100,-100,-87,-100,-100,-100,-100,-100,-100,7
429,-46,-75,-84,-100,-100,-70,-100,-87,-87,-100,-85,-89,-86,-88,-87,-100,-100,7
430,-67,-68,-100,-93,-100,-66,-100,-100,-88,-100,-100,-87,-88,-89,-89,-100,-100,7
431,-54,-79,-100,-100,-100,-79,-100,-83,-83,-84,-84,-90,-90,-100,-90,-100,-100,7
432,-70,-71,-80,-100,-83,-85,-100,-100,-100,-100,-100,-100,-100,-89,-100,-100,-100,7
433,-53,-73,-100,-100,-100,-65,-100,-100,-100,-88,-90,-89,-88,-87,-87,-100,-100,7
434,-67,-70,-100,-100,-100,-73,-100,-88,-86,-88,-86,-100,-88,-100,-87,-100,-100,7
435,-65,-68,-77,-88,-100,-73,-100,-88,-88,-85,-87,-100,-86,-86,-87,-100,-100,7
436,-58,-75,-74,-100,-88,-66,-100,-100,-100,-88,-100,-100,-100,-100,-90,-100,-100,7
437,-55,-72,-85,-100,-86,-66,-100,-87,-87,-89,-89,-100,-100,-100,-100,-100,-100,7
438,-63,-72,-76,-100,-100,-68,-100,-86,-85,-87,-85,-88,-100,-88,-89,-100,-100,7
439,-60,-74,-80,-100,-92,-77,-100,-89,-100,-100,-90,-89,-90,-90,-89,-100,-100,7
440,-50,-77,-77,-100,-100,-65,-100,-88,-100,-100,-100,-86,-86,-100,-87,-100,-100,7
441,-48,-73,-100,-100,-100,-63,-100,-83,-83,-84,-85,-84,-85,-84,-88,-100,-100,7
442,-61,-72,-100,-100,-100,-87,-100,-100,-100,-100,-100,-100,-100,-100,-100,-100,-100,7
443,-61,-72,-85,-100,-100,-87,-100,-100,-100,-100,-100,-87,-89,-85,-85,-100,-100,7
444,-58,-75,-76,-100,-100,-76,-100,-87,-100,-100,-100,-88,-85,-87,-88,-100,-100,7
445,-54,-74,-85,-100,-100,-74,-100,-88,-100,-100,-100,-81,-81,-82,-81,-100,-100,7
446,-48,-75,-85,-100,-92,-77,-100,-100,-100,-100,-100,-80,-81,-82,-81,-100,-100,7
447,-54,-70,-82,-100,-100,-72,-100,-88,-100,-87,-87,-100,-100,-88,-100,-100,-100,7
448,-64,-83,-100,-100,-100,-74,-100,-100,-100,-87,-100,-83,-82,-81,-82,-100,-100,7
449,-62,-70,-78,-100,-100,-78,-100,-88,-100,-100,-87,-80,-81,-82,-81,-100,-100,7
450,-48,-83,-100,-100,-82,-81,-100,-100,-87,-87,-100,-87,-88,-87,-88,-100,-100,7
451,-61,-71,-100,-100,-87,-66,-100,-88,-86,-88,-87,-100,-100,-100,-100,-100,-100,7
452,-62,-75,-100,-100,-100,-77,-100,-100,-100,-87,-100,-82,-82,-82,-83,-100,-100,7
453,-54,-76,-100,-100,-82,-64,-100,-89,-100,-88,-88,-91,-89,-100,-100,-100,-100,7
454,-68,-76,-81,-100,-92,-80,-100,-100,-100,-90,-90,-100,-90,-100,-91,-100,-100,7
455,-53,-67,-100,-100,-100,-73,-100,-100,-88,-100,-89,-90,-89,-100,-100,-100,-100,7
456,-80,-79,-100,-100,-87,-71,-100,-85,-100,-85,-85,-100,-100,-100,-100,-100,-100,7
457,-51,-66,-86,-100,-100,-70,-100,-100,-100,-100,-100,-100,-100,-100,-100,-100,-100,7
458,-56,-70,-78,-91,-100,-67,-100,-88,-84,-100,-87,-89,-85,-83,-83,-100,-100,7
459,-53,-72,-78,-100,-100,-77,-100,-100,-100,-100,-100,-82,-82,-81,-100,-100,-100,7
460,-51,-71,-75,-100,-100,-78,-100,-100,-100,-100,-100,-85,-84,-86,-85,-100,-100,7
461,-50,-75,-100,-100,-100,-77,-100,-89,-87,-88,-85,-100,-88,-88,-90,-100,-100,7
462,-45,-70,-78,-100,-89,-78,-100,-88,-89,-100,-100,-83,-85,-88,-85,-100,-100,7
463,-52,-69,-86,-100,-100,-69,-100,-86,-85,-100,-86,-87,-84,-82,-90,-100,-100,7
464,-60,-70,-100,-100,-86,-68,-100,-100,-85,-83,-100,-100,-100,-88,-100,-100,-100,7
465,-48,-80,-83,-100,-83,-78,-100,-83,-81,-81,-85,-100,-88,-100,-100,-100,-100,7
466,-63,-75,-81,-100,-83,-65,-100,-87,-87,-88,-88,-88,-100,-89,-90,-100,-100,7
467,-59,-69,-100,-100,-80,-68,-100,-83,-84,-84,-81,-87,-88,-100,-87,-100,-100,7
468,-53,-64,-80,-100,-100,-67,-100,-88,-100,-100,-100,-84,-84,-89,-85,-100,-100,7
469,-54,-62,-100,-100,-79,-59,-100,-100,-100,-100,-100,-81,-80,-81,-100,-100,-100,7
470,-58,-62,-76,-100,-84,-62,-100,-100,-100,-100,-100,-79,-79,-82,-100,-100,-100,7
471,-51,-61,-71,-100,-100,-63,-100,-100,-100,-84,-100,-78,-73,-76,-77,-100,-100,7
472,-52,-62,-72,-100,-83,-62,-100,-100,-100,-100,-100,-83,-82,-85,-80,-100,-100,7
473,-53,-62,-78,-100,-78,-64,-100,-87,-100,-100,-84,-82,-80,-80,-80,-100,-100,7
474,-58,-62,-75,-100,-84,-62,-100,-100,-86,-100,-100,-82,-81,-82,-82,-100,-100,7
475,-58,-59,-100,-100,-100,-62,-100,-100,-100,-100,-100,-81,-81,-83,-82,-100,-100,7
476,-52,-66,-100,-100,-100,-62,-100,-85,-86,-85,-83,-83,-82,-81,-83,-100,-100,7
477,-51,-61,-72,-87,-89,-64,-100,-100,-100,-86,-100,-83,-79,-82,-83,-100,-100,7
478,-52,-61,-100,-83,-100,-69,-100,-85,-82,-83,-82,-82,-81,-80,-83,-100,-100,7
479,-52,-63,-72,-100,-100,-78,-100,-86,-86,-87,-83,-78,-78,-77,-77,-100,-100,7
480,-50,-67,-72,-100,-81,-61,-100,-84,-100,-84,-86,-80,-86,-80,-79,-100,-100,7
481,-53,-62,-72,-100,-81,-63,-100,-100,-84,-85,-100,-80,-80,-80,-79,-87,-100,7
482,-63,-62,-71,-90,-80,-62,-100,-86,-85,-100,-85,-84,-87,-86,-86,-100,-100,7
483,-52,-62,-100,-100,-86,-65,-100,-100,-87,-85,-83,-82,-81,-81,-82,-87,-100,7
484,-58,-61,-74,-100,-81,-66,-100,-86,-84,-85,-87,-78,-80,-78,-80,-100,-100,7
485,-54,-62,-100,-86,-85,-63,-100,-84,-84,-85,-85,-79,-77,-75,-77,-100,-100,7
486,-54,-64,-70,-100,-84,-61,-100,-100,-100,-100,-100,-83,-81,-81,-82,-100,-100,7
487,-52,-63,-100,-100,-100,-61,-100,-85,-86,-86,-100,-77,-75,-76,-77,-100,-100,7
488,-56,-62,-70,-100,-86,-63,-100,-85,-83,-85,-100,-84,-84,-82,-85,-100,-100,7
489,-51,-59,-71,-100,-78,-63,-100,-84,-86,-87,-85,-100,-78,-78,-76,-100,-100,7
490,-53,-64,-76,-100,-80,-78,-100,-85,-100,-85,-86,-82,-85,-85,-86,-100,-100,7
491,-50,-61,-74,-86,-81,-61,-100,-100,-100,-100,-100,-81,-82,-84,-82,-100,-100,7
492,-58,-62,-100,-91,-81,-62,-100,-87,-87,-86,-87,-77,-77,-77,-77,-100,-100,7
493,-59,-61,-71,-100,-85,-65,-100,-100,-85,-86,-84,-79,-80,-80,-79,-100,-100,7
494,-54,-62,-68,-100,-83,-63,-100,-84,-84,-89,-86,-91,-100,-89,-85,-100,-100,7
495,-53,-61,-100,-100,-81,-66,-100,-84,-86,-87,-86,-82,-81,-83,-82,-100,-100,7
496,-53,-63,-100,-89,-86,-64,-100,-84,-84,-100,-83,-79,-77,-76,-79,-100,-100,7
497,-54,-62,-73,-100,-100,-61,-100,-85,-85,-86,-84,-76,-76,-78,-77,-100,-100,7
498,-59,-62,-72,-100,-80,-70,-100,-100,-88,-85,-100,-79,-78,-77,-77,-100,-100,7
