ID,Abyusif,abram Gad,STUDBME2,BMES_Secrelary,ESP32_One,Saeed,Sbme-Staff,CMP LAB1,CMP LAB2,CMP LAB3,CMP LAB4,CMP_LAB1,CMP_LAB2,CMP_LAB3,CMP_LAB4,Lab-admin,RehabLab,label
0,-100,-83,-41,-100,-85.686,-100,-100,-72,-66,-61,-61,-59,-58,-56,-56,-100,-100,3
1,-100,-100,-32,-100,-85.686,-100,-100,-63,-100,-66,-62,-62,-62,-61,-100,-100,-100,3
2,-100,-100,-44,-100,-85.686,-100,-100,-72,-62,-100,-66,-49,-54,-51,-55,-100,-100,3
3,-100,-73,-36,-76,-85.686,-100,-100,-62,-62,-63,-59,-64,-62,-62,-100,-100,-100,3
4,-86,-100,-42,-76,-85.686,-100,-100,-100,-66,-65,-64,-73,-65,-64,-64,-100,-100,3
5,-84,-100,-43,-79,-85.686,-100,-100,-60,-66,-69,-69,-66,-69,-68,-67,-100,-100,3
6,-100,-70,-45,-77,-85.686,-100,-100,-66,-66,-66,-66,-68,-69,-68,-70,-100,-100,3
7,-100,-100,-47,-100,-85.686,-100,-100,-58,-71,-73,-70,-67,-69,-62,-63,-100,-100,3
8,-100,-100,-37,-100,-85.686,-100,-100,-58,-59,-59,-59,-63,-63,-63,-63,-100,-100,3
9,-100,-76,-49,-100,-85.686,-100,-100,-59,-59,-61,-60,-68,-70,-100,-100,-100,-100,3
10,-100,-80,-32,-77,-85.686,-100,-100,-58,-55,-56,-56,-100,-71,-71,-67,-100,-100,3
11,-100,-71,-42,-100,-85.686,-100,-100,-65,-65,-65,-62,-64,-59,-64,-63,-100,-100,3
12,-89,-100,-50,-76,-81.0,-100,-100,-64,-64,-65,-68,-100,-64,-100,-75,-100,-100,3
13,-100,-72,-43,-78,-82.0,-100,-100,-62,-61,-66,-57,-100,-100,-100,-100,-100,-100,3
14,-100,-76,-43,-100,-85.686,-100,-100,-67,-67,-67,-67,-100,-69,-65,-67,-100,-100,3
15,-100,-65,-44,-100,-85.686,-100,-100,-61,-63,-63,-61,-68,-69,-70,-66,-100,-100,3
16,-100,-79,-45,-100,-85.686,-100,-100,-64,-60,-60,-61,-56,-59,-59,-57,-100,-100,3
17,-100,-100,-41,-100,-84.0,-100,-100,-53,-58,-55,-54,-62,-66,-63,-59,-100,-100,3
18,-100,-77,-44,-74,-86.0,-100,-100,-65,-65,-65,-64,-65,-100,-66,-65,-100,-100,3
19,-100,-100,-40,-100,-86.0,-100,-100,-61,-62,-63,-62,-63,-63,-63,-64,-100,-100,3
20,-100,-75,-33,-100,-85.686,-100,-100,-65,-68,-100,-62,-59,-58,-58,-100,-100,-100,3
21,-100,-69,-46,-72,-77.0,-100,-100,-58,-59,-60,-60,-66,-65,-64,-69,-100,-100,3
22,-100,-71,-46,-76,-84.0,-100,-100,-61,-61,-61,-57,-63,-61,-61,-62,-100,-100,3
23,-90,-79,-34,-100,-85.686,-100,-100,-69,-69,-70,-68,-60,-62,-60,-60,-100,-100,3
24,-100,-75,-43,-80,-85.686,-100,-100,-48,-50,-49,-48,-66,-66,-67,-66,-100,-100,3
25,-100,-73,-42,-77,-87.0,-100,-100,-63,-64,-63,-64,-60,-62,-61,-61,-100,-100,3
26,-100,-81,-43,-100,-85.686,-100,-100,-63,-65,-62,-63,-65,-60,-62,-60,-100,-100,3
27,-100,-65,-42,-79,-80.0,-100,-100,-62,-57,-57,-56,-73,-71,-74,-73,-100,-100,3
28,-80,-66,-40,-82,-86.0,-100,-100,-64,-65,-64,-64,-62,-63,-63,-62,-100,-100,3
29,-100,-71,-38,-100,-84.0,-100,-100,-58,-59,-60,-57,-64,-65,-100,-100,-100,-100,3
30,-100,-75,-42,-100,-85.686,-100,-100,-57,-61,-61,-57,-66,-67,-66,-66,-100,-100,3
31,-87,-79,-32,-75,-85.0,-100,-100,-64,-59,-64,-64,-71,-71,-72,-72,-100,-100,3
32,-100,-77,-41,-72,-87.0,-100,-100,-54,-53,-52,-55,-73,-100,-73,-75,-100,-100,3
33,-100,-76,-40,-100,-88.0,-100,-100,-60,-62,-62,-61,-60,-61,-60,-60,-100,-100,3
34,-100,-80,-35,-81,-85.686,-100,-100,-61,-63,-63,-63,-65,-65,-65,-66,-100,-100,3
35,-85,-77,-47,-72,-81.0,-100,-100,-58,-57,-57,-56,-67,-70,-71,-67,-100,-100,3
36,-100,-100,-34,-100,-85.686,-100,-100,-58,-59,-60,-62,-66,-66,-61,-62,-100,-100,3
37,-100,-74,-40,-78,-85.686,-100,-100,-60,-59,-59,-59,-69,-100,-100,-70,-100,-100,3
38,-100,-100,-41,-81,-81.0,-100,-100,-55,-54,-59,-54,-65,-61,-62,-64,-100,-100,3
39,-85,-77,-41,-80,-82.0,-100,-100,-52,-57,-53,-52,-56,-58,-59,-57,-100,-100,3
40,-100,-80,-37,-88,-85.686,-100,-100,-61,-61,-62,-62,-65,-64,-65,-68,-100,-100,3
41,-100,-73,-37,-75,-77.0,-100,-100,-58,-58,-54,-57,-100,-69,-68,-68,-100,-100,3
42,-83,-84,-31,-100,-79.0,-100,-100,-56,-56,-57,-59,-67,-65,-67,-67,-100,-100,3
43,-100,-88,-45,-83,-85.686,-100,-100,-69,-100,-71,-70,-67,-100,-69,-64,-100,-100,3
44,-100,-81,-40,-100,-84.0,-100,-100,-58,-59,-58,-58,-63,-100,-63,-61,-100,-100,3
45,-100,-76,-40,-78,-85.686,-100,-100,-67,-66,-67,-67,-100,-64,-64,-71,-100,-100,3
46,-100,-86,-47,-100,-90.0,-100,-100,-62,-64,-63,-61,-68,-65,-100,-69,-100,-100,3
47,-100,-86,-42,-100,-86.0,-100,-100,-57,-58,-59,-57,-69,-68,-69,-68,-100,-100,3
48,-100,-86,-42,-100,-89.0,-100,-100,-62,-62,-62,-62,-65,-65,-63,-65,-100,-100,3
49,-100,-79,-37,-100,-88.0,-100,-100,-62,-63,-63,-68,-68,-68,-68,-67,-100,-100,3
50,-100,-100,-37,-100,-85.686,-100,-100,-67,-66,-66,-65,-67,-68,-64,-63,-100,-100,3
51,-100,-72,-50,-84,-84.0,-100,-100,-64,-65,-66,-64,-64,-66,-64,-64,-100,-100,3
52,-86,-78,-43,-100,-81.0,-100,-100,-61,-62,-59,-61,-70,-64,-65,-66,-100,-100,3
53,-100,-75,-46,-80,-83.0,-100,-100,-63,-59,-63,-64,-61,-60,-60,-60,-100,-100,3
54,-100,-83,-37,-83,-85.0,-100,-100,-61,-59,-62,-64,-60,-61,-61,-61,-100,-100,3
55,-100,-83,-41,-100,-87.0,-100,-100,-63,-57,-100,-62,-65,-67,-67,-66,-100,-100,3
56,-89,-100,-39,-100,-85.686,-100,-100,-63,-63,-63,-63,-62,-62,-62,-63,-100,-100,3
57,-100,-88,-42,-87,-86.0,-100,-100,-63,-63,-63,-63,-64,-64,-68,-63,-100,-100,3
58,-88,-75,-42,-83,-83.0,-100,-100,-61,-64,-61,-61,-100,-59,-60,-61,-100,-100,3
59,-100,-83,-52,-78,-85.0,-100,-100,-52,-52,-52,-52,-65,-67,-66,-72,-100,-100,3
60,-85,-81,-42,-77,-83.0,-100,-100,-63,-61,-62,-60,-100,-100,-67,-100,-100,-100,3
61,-88,-100,-35,-100,-84.0,-100,-100,-67,-64,-66,-64,-61,-61,-61,-62,-100,-100,3
62,-100,-80,-40,-100,-90.0,-100,-100,-52,-54,-54,-52,-58,-58,-57,-58,-100,-100,3
63,-100,-80,-44,-100,-86.0,-100,-100,-69,-71,-73,-69,-55,-53,-53,-56,-100,-100,3
64,-100,-79,-42,-100,-85.686,-100,-100,-72,-72,-72,-77,-60,-60,-60,-58,-100,-100,3
65,-100,-83,-46,-100,-85.686,-100,-100,-69,-68,-67,-68,-64,-66,-66,-67,-100,-100,3
66,-100,-88,-45,-100,-85.686,-100,-100,-68,-65,-65,-66,-58,-59,-59,-61,-100,-100,3
67,-100,-100,-33,-100,-85.686,-100,-100,-100,-74,-75,-76,-59,-59,-59,-60,-100,-100,3
68,-90,-72,-45,-100,-85.686,-100,-100,-64,-64,-65,-65,-65,-62,-63,-63,-100,-100,3
69,-100,-72,-44,-81,-79.0,-100,-100,-62,-59,-61,-66,-64,-60,-61,-61,-100,-100,3
70,-89,-83,-33,-75,-83.0,-100,-100,-56,-57,-57,-58,-72,-74,-75,-75,-100,-100,3
71,-89,-80,-45,-100,-85.686,-100,-100,-100,-100,-100,-100,-63,-65,-63,-61,-100,-100,3
72,-100,-77,-33,-100,-85.686,-100,-100,-100,-100,-100,-100,-64,-66,-64,-61,-100,-100,3
73,-100,-100,-34,-100,-85.686,-100,-100,-64,-64,-65,-66,-61,-60,-61,-61,-100,-100,3
74,-100,-100,-39,-100,-91.0,-100,-100,-73,-73,-72,-72,-61,-61,-63,-65,-100,-100,3
75,-100,-100,-44,-100,-85.0,-100,-100,-69,-69,-68,-67,-65,-63,-63,-63,-100,-100,3
76,-100,-80,-45,-100,-82.0,-100,-100,-70,-69,-69,-70,-62,-62,-60,-67,-100,-100,3
77,-100,-72,-46,-100,-82.0,-100,-100,-100,-66,-100,-71,-61,-62,-64,-63,-100,-100,3
78,-88,-79,-36,-100,-89.0,-100,-100,-67,-63,-61,-57,-71,-66,-71,-68,-100,-100,3
79,-91,-100,-33,-82,-85.686,-100,-100,-62,-64,-62,-62,-100,-69,-59,-100,-100,-100,3
80,-100,-79,-44,-82,-86.0,-100,-100,-68,-70,-66,-71,-66,-62,-63,-62,-100,-100,3
81,-89,-100,-47,-80,-84.0,-100,-100,-66,-60,-66,-63,-58,-60,-66,-59,-100,-100,3
82,-100,-100,-48,-82,-85.686,-100,-100,-71,-71,-100,-69,-62,-62,-63,-63,-100,-100,3
83,-100,-100,-51,-86,-88.0,-100,-100,-63,-76,-66,-68,-63,-66,-68,-69,-100,-100,3
84,-100,-100,-50,-100,-85.686,-100,-100,-60,-61,-61,-60,-61,-63,-62,-62,-100,-100,3
85,-100,-82,-45,-80,-85.686,-100,-100,-70,-67,-69,-68,-55,-55,-55,-55,-100,-100,3
86,-100,-80,-46,-79,-85.686,-100,-100,-69,-69,-69,-74,-62,-59,-60,-60,-100,-100,3
87,-100,-75,-39,-76,-85.686,-100,-100,-70,-70,-69,-70,-62,-61,-61,-62,-100,-100,3
88,-100,-74,-43,-75,-79.0,-100,-100,-65,-70,-64,-64,-58,-55,-58,-65,-100,-100,3
89,-100,-77,-35,-100,-78.0,-100,-100,-57,-62,-66,-71,-60,-60,-58,-65,-100,-100,3
90,-86,-78,-42,-100,-79.0,-100,-100,-68,-65,-72,-64,-59,-59,-57,-57,-100,-100,3
91,-82,-86,-42,-81,-79.0,-100,-100,-63,-64,-64,-64,-57,-60,-59,-59,-100,-100,3
92,-87,-76,-43,-100,-84.0,-100,-100,-64,-61,-60,-60,-59,-59,-60,-58,-100,-100,3
93,-100,-81,-41,-75,-79.0,-100,-100,-63,-65,-60,-64,-61,-62,-59,-61,-100,-100,3
94,-100,-66,-38,-100,-79.0,-100,-100,-61,-61,-60,-63,-60,-62,-61,-59,-100,-100,3
95,-84,-77,-40,-100,-78.0,-100,-100,-64,-64,-68,-69,-55,-55,-55,-56,-100,-100,3
96,-80,-68,-41,-76,-76.0,-100,-100,-58,-58,-60,-58,-54,-54,-54,-54,-100,-100,3
97,-81,-73,-41,-100,-81.0,-100,-100,-63,-62,-62,-61,-56,-55,-57,-58,-100,-100,3
98,-85,-79,-39,-100,-80.0,-100,-100,-68,-70,-69,-65,-59,-59,-59,-61,-100,-100,3
99,-86,-79,-38,-73,-82.0,-100,-100,-54,-53,-53,-54,-58,-58,-56,-59,-100,-100,3
100,-88,-72,-44,-100,-82.0,-100,-100,-61,-61,-61,-61,-56,-57,-58,-57,-100,-100,3
101,-100,-76,-44,-100,-79.0,-100,-100,-53,-54,-55,-54,-55,-55,-56,-54,-100,-100,3
102,-88,-76,-41,-79,-80.0,-100,-100,-60,-59,-60,-60,-52,-53,-52,-52,-100,-100,3
103,-100,-79,-43,-75,-85.686,-100,-100,-70,-71,-71,-71,-54,-54,-52,-54,-100,-100,3
104,-100,-74,-41,-100,-79.0,-100,-100,-59,-60,-58,-58,-54,-57,-56,-56,-100,-100,3
105,-100,-78,-44,-78,-79.0,-100,-100,-61,-62,-63,-62,-53,-52,-54,-53,-100,-100,3
106,-85,-76,-43,-100,-76.0,-100,-100,-58,-56,-57,-55,-58,-57,-56,-56,-100,-100,3
107,-87,-74,-34,-78,-80.0,-100,-100,-63,-59,-60,-60,-54,-57,-55,-55,-100,-100,3
108,-100,-70,-42,-80,-82.0,-100,-100,-58,-59,-56,-55,-56,-58,-56,-55,-100,-100,3
109,-80,-70,-45,-81,-79.0,-100,-100,-55,-52,-54,-52,-56,-54,-55,-58,-100,-100,3
110,-100,-73,-42,-100,-85.686,-100,-100,-54,-56,-54,-54,-58,-58,-58,-58,-100,-100,3
111,-87,-77,-43,-100,-83.0,-100,-100,-58,-60,-59,-65,-52,-53,-50,-51,-100,-100,3
112,-83,-77,-42,-100,-83.0,-100,-100,-59,-61,-60,-59,-59,-62,-62,-62,-100,-100,3
113,-86,-79,-38,-100,-80.0,-100,-100,-60,-60,-58,-57,-61,-62,-60,-59,-100,-100,3
114,-100,-79,-39,-77,-82.0,-100,-100,-59,-60,-59,-59,-62,-59,-57,-100,-100,-100,3
115,-100,-76,-34,-78,-76.0,-100,-100,-57,-55,-52,-56,-55,-58,-59,-59,-100,-100,3
116,-100,-75,-33,-74,-82.0,-100,-100,-59,-58,-59,-57,-59,-60,-58,-59,-100,-100,3
117,-78,-69,-34,-100,-81.0,-100,-100,-58,-55,-56,-55,-66,-65,-67,-66,-100,-100,3
118,-81,-69,-46,-100,-82.0,-100,-100,-57,-55,-57,-57,-60,-61,-60,-59,-100,-100,3
119,-100,-73,-41,-76,-81.0,-100,-100,-53,-55,-53,-53,-62,-63,-63,-63,-100,-100,3
120,-100,-75,-45,-76,-78.0,-100,-100,-59,-59,-63,-62,-67,-64,-67,-64,-100,-100,3
121,-100,-72,-41,-79,-82.0,-100,-100,-59,-59,-57,-59,-62,-61,-65,-61,-100,-100,3
122,-83,-71,-41,-83,-77.0,-100,-100,-62,-62,-62,-61,-60,-60,-60,-60,-100,-100,3
123,-100,-75,-37,-78,-81.0,-100,-100,-62,-64,-56,-62,-61,-61,-62,-63,-100,-100,3
124,-80,-67,-30,-73,-81.0,-100,-100,-52,-55,-54,-54,-66,-68,-64,-65,-100,-100,3
125,-80,-72,-34,-100,-85.686,-100,-100,-64,-61,-64,-64,-56,-54,-56,-58,-100,-100,3
126,-100,-78,-33,-77,-85.686,-100,-100,-67,-68,-66,-68,-58,-59,-57,-57,-100,-100,3
127,-88,-74,-41,-100,-82.0,-100,-100,-50,-51,-53,-51,-64,-65,-65,-57,-100,-100,3
128,-77,-77,-34,-100,-83.0,-100,-100,-100,-61,-100,-75,-66,-59,-60,-62,-100,-100,3
129,-100,-70,-39,-67,-85.686,-100,-100,-55,-55,-54,-55,-66,-67,-64,-67,-100,-100,3
130,-100,-70,-33,-75,-77.0,-100,-100,-63,-68,-64,-59,-59,-60,-60,-59,-100,-100,3
131,-100,-73,-35,-69,-81.0,-100,-100,-59,-58,-58,-56,-59,-60,-60,-60,-100,-100,3
132,-82,-74,-32,-75,-76.0,-100,-100,-52,-53,-55,-53,-58,-58,-59,-57,-100,-100,3
133,-100,-72,-40,-100,-85.686,-100,-100,-58,-100,-60,-59,-100,-59,-59,-59,-100,-100,3
134,-100,-77,-37,-71,-82.0,-100,-100,-58,-57,-59,-58,-63,-64,-66,-65,-100,-100,3
135,-74,-76,-43,-100,-85.686,-100,-100,-55,-59,-55,-54,-65,-67,-67,-68,-100,-100,3
136,-87,-75,-34,-74,-83.0,-100,-100,-54,-54,-55,-55,-70,-64,-68,-65,-100,-100,3
137,-100,-80,-36,-100,-88.0,-100,-100,-53,-52,-52,-53,-61,-62,-63,-65,-100,-100,3
138,-80,-100,-35,-79,-85.686,-100,-100,-50,-52,-52,-52,-62,-61,-62,-61,-100,-100,3
139,-85,-77,-35,-100,-85.686,-100,-100,-63,-63,-64,-63,-60,-61,-67,-61,-100,-100,3
140,-81,-74,-45,-100,-69.0,-100,-100,-55,-60,-61,-60,-100,-72,-72,-72,-100,-100,3
141,-100,-76,-28,-100,-88.0,-100,-100,-62,-62,-63,-61,-54,-64,-60,-62,-100,-100,3
142,-100,-73,-39,-100,-85.686,-100,-100,-56,-60,-57,-56,-100,-70,-100,-70,-100,-100,3
143,-100,-72,-42,-100,-85.686,-100,-100,-51,-56,-59,-52,-58,-59,-59,-58,-100,-100,3
144,-100,-76,-44,-100,-85.686,-100,-100,-56,-54,-57,-55,-58,-62,-62,-61,-100,-100,3
145,-74,-73,-33,-100,-81.0,-100,-100,-64,-66,-65,-65,-62,-57,-62,-60,-100,-100,3
146,-85,-100,-39,-100,-85.686,-100,-100,-52,-52,-51,-52,-100,-67,-70,-71,-100,-100,3
147,-100,-77,-39,-100,-82.0,-100,-100,-52,-51,-53,-49,-59,-61,-58,-59,-100,-100,3
148,-100,-82,-35,-100,-74.0,-100,-100,-58,-55,-56,-57,-60,-61,-60,-61,-100,-100,3
149,-100,-100,-35,-75,-79.0,-100,-100,-52,-52,-51,-53,-68,-70,-67,-70,-100,-100,3
150,-100,-100,-34,-100,-83.0,-100,-100,-64,-61,-64,-62,-56,-56,-56,-56,-100,-100,3
151,-82,-100,-43,-100,-85.0,-100,-100,-60,-58,-61,-60,-58,-59,-60,-60,-100,-100,3
152,-100,-79,-32,-100,-77.0,-100,-100,-57,-59,-57,-57,-62,-100,-60,-61,-100,-100,3
153,-85,-81,-31,-100,-81.0,-100,-100,-58,-59,-61,-58,-54,-57,-55,-56,-100,-100,3
154,-100,-100,-41,-100,-85.0,-100,-100,-63,-62,-62,-63,-63,-61,-58,-60,-100,-100,3
155,-87,-100,-36,-83,-85.686,-100,-100,-52,-53,-57,-58,-65,-63,-69,-65,-100,-100,3
156,-85,-74,-49,-100,-77.0,-100,-100,-53,-55,-56,-53,-63,-62,-63,-63,-100,-100,3
157,-100,-100,-100,-100,-85.686,-100,-100,-61,-60,-61,-59,-65,-65,-65,-70,-100,-100,3
158,-100,-83,-37,-83,-85.686,-100,-100,-66,-67,-68,-67,-61,-61,-58,-62,-100,-100,3
159,-100,-100,-47,-100,-85.686,-100,-100,-65,-65,-65,-64,-65,-71,-67,-67,-100,-100,3
160,-83,-84,-38,-100,-85.686,-100,-100,-60,-61,-62,-63,-62,-62,-66,-71,-100,-100,3
161,-100,-100,-36,-87,-85.686,-100,-100,-62,-62,-62,-64,-64,-65,-66,-68,-100,-100,3
162,-88,-88,-53,-77,-85.686,-100,-100,-57,-60,-60,-61,-73,-67,-69,-100,-100,-100,3
163,-100,-100,-44,-69,-77.0,-100,-100,-59,-60,-60,-60,-63,-63,-64,-62,-100,-100,3
164,-100,-83,-40,-73,-80.0,-100,-100,-62,-63,-62,-61,-61,-63,-62,-57,-100,-100,3
165,-74,-100,-40,-73,-85.686,-100,-100,-61,-62,-59,-60,-65,-65,-64,-65,-100,-100,3
166,-85,-100,-49,-100,-80.0,-100,-100,-59,-59,-58,-59,-68,-68,-67,-66,-100,-100,3
167,-77,-75,-45,-78,-79.0,-100,-100,-50,-56,-54,-55,-59,-60,-60,-57,-100,-100,3
168,-85,-79,-30,-100,-83.0,-100,-100,-63,-61,-66,-66,-55,-52,-55,-52,-100,-100,3
169,-79,-70,-39,-78,-84.0,-100,-100,-59,-59,-66,-52,-65,-62,-59,-67,-100,-100,3
170,-76,-71,-36,-100,-85.686,-100,-100,-54,-57,-55,-56,-100,-100,-66,-67,-100,-100,3
171,-100,-82,-31,-100,-85.686,-100,-100,-53,-55,-55,-53,-100,-62,-65,-62,-100,-100,3
172,-100,-77,-37,-100,-85.686,-100,-100,-60,-58,-60,-59,-57,-54,-54,-55,-100,-100,3
173,-100,-76,-47,-77,-85.686,-100,-100,-57,-56,-59,-56,-100,-62,-63,-63,-100,-100,3
174,-100,-82,-33,-100,-85.686,-100,-100,-56,-57,-57,-56,-59,-59,-59,-59,-100,-100,3
175,-100,-76,-32,-80,-76.0,-100,-100,-59,-54,-58,-53,-57,-60,-58,-57,-100,-100,3
176,-100,-78,-41,-100,-85.686,-100,-100,-66,-65,-100,-65,-67,-66,-67,-64,-100,-100,3
177,-100,-100,-34,-77,-84.0,-100,-100,-58,-59,-57,-59,-61,-63,-63,-60,-100,-100,3
178,-100,-79,-42,-77,-76.0,-100,-100,-57,-59,-57,-58,-100,-58,-59,-57,-100,-100,3
179,-100,-68,-43,-100,-85.686,-100,-100,-59,-61,-57,-60,-67,-68,-61,-64,-100,-100,3
180,-81,-75,-42,-81,-85.686,-100,-100,-56,-58,-58,-59,-57,-61,-59,-58,-100,-100,3
181,-100,-100,-42,-100,-85.686,-100,-100,-59,-60,-63,-57,-62,-62,-62,-62,-100,-100,3
182,-100,-82,-42,-73,-82.0,-100,-100,-61,-61,-59,-59,-61,-65,-64,-66,-100,-100,3
183,-100,-87,-41,-77,-85.0,-100,-100,-58,-56,-56,-57,-68,-67,-66,-67,-100,-100,3
184,-87,-100,-41,-76,-87.0,-100,-100,-61,-58,-60,-60,-62,-61,-57,-100,-100,-100,3
185,-100,-86,-39,-100,-84.0,-100,-100,-63,-63,-65,-63,-58,-61,-57,-57,-100,-100,3
186,-100,-100,-38,-100,-85.686,-100,-100,-59,-59,-62,-62,-60,-66,-56,-64,-100,-100,3
187,-100,-78,-32,-72,-83.0,-100,-100,-61,-61,-61,-60,-66,-64,-61,-59,-100,-100,3
188,-82,-82,-43,-81,-85.686,-100,-100,-53,-56,-59,-63,-57,-60,-63,-55,-100,-100,3
189,-100,-100,-42,-100,-85.686,-100,-100,-63,-63,-65,-64,-69,-69,-70,-69,-100,-100,3
190,-100,-100,-51,-89,-92.0,-100,-100,-66,-66,-66,-68,-71,-70,-73,-72,-100,-100,3
191,-100,-100,-50,-100,-85.686,-100,-100,-65,-71,-67,-68,-71,-71,-72,-74,-100,-100,3
192,-100,-100,-60,-100,-85.686,-100,-100,-67,-67,-67,-67,-67,-66,-67,-67,-100,-100,3
193,-100,-100,-50,-100,-85.686,-100,-100,-68,-67,-68,-69,-70,-71,-70,-70,-100,-100,3
194,-100,-85,-48,-100,-85.686,-100,-100,-71,-70,-70,-71,-100,-100,-100,-100,-100,-100,3
195,-100,-86,-56,-100,-85.686,-100,-100,-70,-70,-70,-70,-100,-68,-68,-100,-100,-100,3
196,-100,-100,-49,-100,-85.686,-100,-100,-70,-69,-67,-68,-100,-100,-69,-70,-100,-100,3
197,-100,-100,-49,-100,-85.686,-100,-100,-72,-72,-72,-71,-100,-67,-100,-100,-100,-100,3
198,-100,-100,-48,-100,-85.686,-100,-100,-70,-71,-72,-72,-68,-68,-66,-65,-100,-100,3
199,-100,-100,-54,-100,-85.686,-100,-100,-71,-71,-71,-70,-100,-100,-100,-100,-100,-100,3
200,-100,-100,-52,-100,-85.686,-100,-100,-72,-72,-71,-71,-74,-78,-72,-75,-100,-100,3
201,-100,-76,-40,-78,-85.686,-100,-100,-63,-62,-64,-64,-63,-63,-63,-64,-100,-100,3
202,-100,-100,-38,-100,-85.686,-100,-100,-59,-57,-60,-59,-62,-58,-57,-59,-100,-100,3
203,-100,-100,-46,-100,-85.686,-100,-100,-63,-63,-65,-63,-60,-58,-60,-62,-100,-100,3
204,-82,-100,-41,-100,-83.0,-100,-100,-63,-57,-54,-54,-63,-63,-64,-62,-100,-100,3
205,-83,-81,-42,-72,-79.0,-100,-100,-63,-62,-59,-61,-54,-61,-63,-65,-100,-100,3
206,-100,-100,-46,-83,-85.686,-100,-100,-63,-63,-65,-64,-60,-60,-59,-61,-100,-100,3
207,-100,-100,-43,-76,-75.0,-100,-100,-68,-63,-65,-64,-63,-69,-69,-70,-100,-100,3
208,-84,-100,-43,-100,-85.686,-100,-100,-60,-58,-59,-58,-61,-64,-62,-60,-100,-100,3
209,-100,-80,-40,-82,-85.0,-100,-100,-58,-58,-58,-59,-57,-60,-58,-60,-100,-100,3
210,-100,-80,-45,-81,-75.0,-100,-100,-59,-59,-59,-57,-53,-52,-59,-54,-100,-100,3
211,-100,-100,-40,-100,-85.686,-100,-100,-58,-58,-56,-58,-64,-63,-64,-63,-100,-100,3
212,-100,-77,-47,-73,-75.0,-100,-100,-53,-52,-52,-52,-63,-63,-63,-63,-100,-100,3
213,-100,-100,-41,-100,-79.0,-100,-100,-60,-60,-60,-58,-58,-60,-54,-60,-100,-100,3
214,-100,-100,-35,-79,-80.0,-100,-100,-64,-62,-61,-64,-64,-60,-59,-58,-100,-100,3
215,-100,-100,-42,-77,-83.0,-100,-100,-67,-68,-67,-59,-62,-58,-58,-59,-100,-100,3
216,-100,-78,-42,-73,-73.0,-100,-100,-61,-62,-61,-61,-63,-57,-61,-58,-100,-100,3
217,-100,-100,-35,-100,-85.686,-100,-100,-67,-71,-69,-68,-64,-66,-64,-66,-100,-100,3
218,-100,-81,-38,-100,-85.686,-100,-100,-67,-68,-70,-72,-64,-62,-63,-60,-100,-100,3
219,-100,-100,-39,-100,-83.0,-100,-100,-60,-61,-58,-63,-67,-65,-66,-67,-100,-100,3
220,-100,-100,-42,-77,-78.0,-100,-100,-64,-59,-60,-60,-62,-100,-66,-100,-100,-100,3
221,-100,-100,-40,-76,-85.686,-100,-100,-64,-67,-68,-64,-59,-61,-58,-59,-100,-100,3
222,-100,-100,-37,-100,-85.686,-100,-100,-66,-68,-63,-64,-66,-65,-65,-65,-100,-100,3
223,-81,-100,-37,-72,-80.0,-100,-100,-69,-70,-69,-67,-65,-63,-67,-63,-100,-100,3
224,-100,-85,-36,-100,-85.686,-100,-100,-62,-64,-64,-63,-61,-62,-69,-70,-100,-100,3
225,-100,-100,-37,-100,-85.686,-100,-100,-62,-63,-62,-68,-64,-61,-60,-59,-100,-100,3
226,-100,-100,-45,-79,-85.686,-100,-100,-61,-60,-64,-61,-70,-57,-65,-62,-100,-100,3
227,-100,-80,-39,-72,-75.0,-100,-100,-59,-58,-58,-57,-64,-62,-61,-63,-100,-100,3
228,-100,-76,-35,-100,-82.0,-100,-100,-68,-100,-100,-63,-59,-57,-60,-59,-100,-100,3
229,-100,-80,-44,-100,-74.0,-100,-100,-69,-68,-70,-70,-59,-60,-59,-60,-100,-100,3
230,-100,-81,-33,-79,-81.0,-100,-100,-59,-60,-60,-59,-67,-66,-100,-66,-100,-100,3
231,-100,-75,-44,-75,-81.0,-100,-100,-59,-59,-58,-58,-62,-63,-62,-61,-100,-100,3
232,-100,-77,-38,-68,-81.0,-100,-100,-60,-62,-63,-64,-63,-67,-70,-65,-100,-100,3
233,-100,-100,-44,-100,-78.0,-100,-100,-68,-72,-68,-68,-66,-64,-63,-65,-100,-100,3
234,-100,-83,-37,-75,-82.0,-100,-100,-63,-60,-60,-59,-62,-65,-62,-63,-100,-100,3
235,-100,-71,-44,-73,-85.686,-100,-100,-53,-54,-54,-55,-70,-70,-69,-66,-100,-100,3
236,-100,-100,-35,-100,-82.0,-100,-100,-58,-58,-62,-60,-62,-73,-57,-70,-100,-100,3
237,-100,-100,-36,-100,-79.0,-100,-100,-64,-64,-65,-66,-64,-63,-63,-63,-100,-100,3
238,-100,-100,-47,-100,-79.0,-100,-100,-70,-70,-67,-70,-65,-66,-63,-63,-100,-100,3
239,-100,-78,-37,-73,-75.0,-100,-100,-59,-60,-62,-61,-66,-64,-70,-67,-100,-100,3
240,-100,-73,-44,-100,-77.0,-100,-100,-62,-62,-67,-64,-66,-67,-100,-66,-100,-100,3
241,-100,-74,-44,-76,-77.0,-100,-100,-64,-64,-64,-63,-59,-59,-58,-58,-100,-100,3
242,-100,-100,-43,-100,-78.0,-100,-100,-56,-57,-57,-57,-65,-65,-65,-64,-100,-100,3
243,-100,-100,-42,-78,-80.0,-100,-100,-69,-67,-72,-73,-58,-59,-59,-59,-100,-100,3
244,-100,-100,-47,-77,-79.0,-100,-100,-69,-68,-100,-65,-61,-61,-60,-61,-100,-100,3
245,-100,-75,-40,-74,-79.0,-100,-100,-63,-61,-62,-69,-67,-64,-64,-66,-100,-100,3
246,-100,-75,-49,-100,-80.0,-100,-100,-62,-62,-62,-63,-60,-68,-61,-63,-100,-100,3
247,-81,-74,-43,-74,-74.0,-100,-100,-64,-65,-69,-70,-67,-70,-72,-66,-100,-100,3
248,-87,-79,-47,-100,-85.686,-100,-100,-58,-59,-59,-100,-64,-64,-64,-64,-100,-100,3
249,-100,-80,-45,-80,-85.686,-100,-100,-70,-65,-68,-70,-77,-67,-67,-68,-100,-100,3
250,-100,-100,-43,-100,-85.686,-100,-100,-62,-64,-60,-100,-60,-63,-63,-64,-100,-100,3
251,-100,-75,-49,-80,-75.0,-100,-100,-57,-58,-63,-63,-65,-71,-62,-68,-100,-100,3
252,-100,-100,-44,-79,-85.686,-100,-100,-59,-60,-59,-57,-74,-100,-56,-59,-100,-100,3
253,-100,-71,-43,-76,-75.0,-100,-100,-63,-62,-64,-63,-62,-100,-66,-69,-100,-100,3
254,-100,-81,-35,-100,-85.686,-100,-100,-100,-67,-69,-68,-58,-53,-57,-55,-100,-100,3
255,-100,-100,-49,-75,-85.686,-100,-100,-100,-73,-69,-100,-58,-56,-56,-58,-100,-100,3
256,-100,-74,-44,-75,-78.0,-100,-100,-62,-64,-62,-61,-62,-63,-64,-63,-100,-100,3
257,-100,-100,-45,-72,-72.0,-100,-100,-100,-71,-70,-70,-64,-70,-66,-67,-100,-100,3
258,-85,-100,-40,-72,-85.686,-100,-100,-62,-64,-64,-65,-66,-65,-70,-67,-100,-100,3
259,-100,-100,-42,-100,-80.0,-100,-100,-62,-61,-62,-62,-64,-63,-66,-65,-100,-100,3
260,-100,-79,-51,-100,-85.0,-100,-100,-60,-61,-61,-62,-100,-70,-100,-71,-100,-100,3
261,-86,-80,-42,-100,-85.686,-100,-100,-61,-60,-62,-61,-74,-74,-100,-65,-100,-100,3
262,-100,-100,-47,-100,-85.686,-100,-100,-59,-62,-62,-62,-70,-68,-100,-71,-100,-100,3
263,-100,-81,-36,-100,-82.0,-100,-100,-66,-75,-67,-72,-64,-61,-68,-59,-100,-100,3
264,-100,-74,-46,-100,-84.0,-100,-100,-62,-60,-63,-62,-100,-70,-66,-72,-100,-100,3
265,-100,-100,-48,-77,-75.0,-100,-100,-63,-57,-56,-57,-66,-68,-65,-72,-100,-100,3
266,-100,-100,-49,-81,-85.686,-100,-100,-61,-63,-64,-63,-60,-64,-61,-65,-100,-100,3
267,-100,-74,-43,-70,-75.0,-100,-100,-71,-68,-71,-71,-67,-72,-69,-67,-100,-100,3
268,-82,-80,-45,-76,-83.0,-100,-100,-60,-60,-100,-100,-60,-62,-63,-59,-100,-100,3
269,-100,-80,-50,-81,-79.0,-100,-100,-100,-64,-63,-100,-67,-67,-69,-67,-100,-100,3
270,-100,-100,-55,-82,-85.686,-100,-100,-65,-63,-64,-63,-76,-73,-74,-100,-100,-100,3
271,-80,-100,-58,-85,-85.686,-100,-100,-64,-65,-65,-65,-71,-71,-72,-67,-100,-100,3
272,-83,-100,-51,-90,-83.0,-100,-100,-63,-63,-64,-63,-72,-72,-72,-71,-100,-100,3
273,-85,-81,-54,-89,-84.0,-100,-100,-64,-63,-64,-65,-75,-76,-73,-76,-100,-100,3
274,-100,-100,-50,-78,-85.686,-100,-100,-61,-62,-62,-62,-69,-69,-68,-68,-100,-100,3
275,-100,-81,-49,-81,-78.0,-100,-100,-65,-64,-65,-64,-73,-74,-74,-73,-100,-100,3
276,-100,-100,-55,-84,-81.0,-100,-100,-63,-63,-63,-63,-74,-75,-73,-78,-100,-100,3
277,-100,-75,-50,-75,-76.0,-100,-100,-67,-64,-65,-66,-72,-71,-70,-72,-100,-100,3
278,-100,-81,-52,-83,-85.0,-100,-100,-66,-66,-66,-66,-65,-64,-63,-67,-100,-100,3
279,-100,-84,-53,-88,-81.0,-100,-100,-72,-100,-100,-100,-66,-67,-67,-65,-100,-100,3
280,-100,-100,-100,-84,-85.686,-100,-100,-65,-65,-66,-64,-70,-69,-71,-69,-100,-100,3
281,-100,-77,-50,-83,-85.686,-100,-100,-62,-62,-63,-65,-67,-65,-67,-67,-100,-100,3
282,-100,-100,-49,-100,-85.686,-100,-100,-64,-63,-64,-64,-66,-65,-65,-65,-100,-100,3
283,-89,-100,-46,-86,-84.0,-100,-100,-65,-65,-65,-100,-71,-74,-70,-69,-100,-100,3
284,-82,-79,-53,-84,-76.0,-100,-100,-63,-61,-64,-62,-100,-100,-69,-71,-100,-100,3
285,-100,-83,-46,-100,-88.0,-100,-100,-62,-58,-59,-61,-60,-60,-57,-64,-100,-100,3
286,-100,-72,-40,-100,-79.0,-100,-100,-57,-57,-52,-57,-100,-100,-68,-67,-100,-100,3
287,-86,-75,-47,-80,-86.0,-100,-100,-63,-62,-63,-63,-65,-66,-64,-66,-100,-100,3
288,-100,-100,-40,-66,-82.0,-100,-100,-47,-48,-49,-48,-58,-54,-56,-56,-100,-100,3
289,-100,-100,-38,-78,-85.686,-100,-100,-55,-57,-59,-57,-100,-100,-65,-64,-100,-100,3
290,-100,-100,-31,-100,-85.686,-100,-100,-59,-60,-59,-100,-48,-48,-48,-48,-100,-100,3
291,-100,-84,-47,-100,-81.0,-100,-100,-68,-68,-69,-68,-61,-64,-63,-62,-100,-100,3
292,-100,-100,-34,-100,-85.0,-100,-100,-62,-62,-62,-64,-74,-73,-73,-74,-100,-100,3
293,-86,-83,-35,-100,-80.0,-100,-100,-61,-64,-63,-63,-67,-70,-80,-65,-100,-100,3
294,-85,-84,-48,-83,-85.686,-100,-100,-64,-65,-64,-65,-66,-67,-70,-65,-100,-100,3
295,-100,-91,-44,-100,-85.0,-100,-100,-63,-63,-65,-65,-71,-71,-68,-72,-100,-100,3
296,-89,-86,-57,-83,-79.0,-100,-100,-68,-66,-67,-67,-69,-71,-77,-100,-100,-100,3
297,-100,-100,-41,-100,-85.686,-100,-100,-63,-66,-61,-64,-61,-61,-62,-60,-100,-100,3
298,-100,-87,-50,-88,-85.0,-100,-100,-65,-68,-67,-65,-62,-58,-65,-63,-100,-100,3
299,-100,-82,-40,-81,-87.0,-100,-100,-70,-70,-69,-70,-71,-74,-70,-72,-100,-100,3
300,-89,-72,-45,-80,-79.0,-100,-100,-61,-64,-63,-63,-71,-70,-100,-68,-100,-100,3
301,-88,-80,-48,-76,-83.0,-100,-100,-65,-63,-65,-66,-65,-68,-68,-65,-100,-100,3
302,-87,-87,-39,-100,-83.0,-100,-100,-63,-63,-61,-63,-70,-69,-68,-71,-100,-100,3
303,-100,-86,-46,-100,-85.686,-100,-100,-60,-63,-63,-60,-65,-64,-100,-64,-100,-100,3
304,-89,-78,-48,-100,-88.0,-100,-100,-64,-63,-66,-65,-67,-65,-67,-69,-100,-100,3
305,-100,-82,-42,-100,-88.0,-100,-100,-69,-63,-58,-63,-70,-68,-63,-63,-100,-100,3
306,-88,-87,-42,-100,-87.0,-100,-100,-65,-64,-63,-63,-100,-100,-66,-63,-100,-100,3
307,-89,-87,-36,-100,-81.0,-100,-100,-60,-58,-59,-63,-63,-62,-62,-62,-100,-100,3
308,-88,-86,-41,-81,-75.0,-100,-100,-66,-67,-67,-66,-65,-68,-65,-68,-100,-100,3
309,-100,-77,-43,-78,-81.0,-100,-100,-58,-59,-60,-55,-68,-66,-63,-65,-100,-100,3
310,-86,-80,-43,-82,-76.0,-100,-100,-62,-64,-64,-63,-65,-69,-100,-67,-100,-100,3
311,-88,-76,-44,-87,-75.0,-100,-100,-63,-62,-60,-62,-68,-66,-65,-67,-100,-100,3
312,-82,-77,-57,-85,-80.0,-100,-100,-53,-51,-53,-51,-100,-63,-62,-63,-100,-100,3
313,-100,-82,-39,-78,-85.686,-100,-100,-61,-61,-60,-60,-66,-66,-68,-66,-100,-100,3
314,-100,-77,-38,-78,-85.686,-100,-100,-64,-66,-64,-65,-64,-65,-65,-67,-100,-100,3
315,-100,-100,-100,-100,-85.686,-100,-100,-75,-67,-75,-69,-67,-67,-67,-65,-100,-100,3
316,-100,-100,-48,-87,-85.686,-100,-100,-72,-100,-74,-74,-67,-67,-65,-67,-100,-100,3
317,-100,-91,-45,-82,-90.0,-100,-100,-70,-65,-65,-65,-62,-63,-64,-66,-100,-100,3
318,-100,-75,-41,-79,-82.0,-100,-100,-66,-67,-63,-62,-62,-65,-64,-64,-100,-100,3
319,-100,-100,-52,-100,-85.686,-100,-100,-69,-69,-69,-68,-77,-80,-100,-81,-100,-100,3
320,-100,-100,-48,-100,-85.686,-100,-100,-67,-66,-68,-68,-70,-69,-71,-73,-100,-100,3
321,-100,-87,-44,-100,-85.686,-100,-100,-73,-70,-72,-73,-68,-66,-68,-66,-100,-100,3
322,-100,-100,-47,-100,-85.686,-100,-100,-71,-73,-74,-73,-68,-68,-70,-67,-100,-100,3
323,-100,-90,-44,-100,-85.686,-100,-100,-71,-71,-73,-72,-66,-100,-67,-66,-100,-100,3
324,-100,-100,-44,-100,-85.686,-100,-100,-69,-71,-69,-70,-69,-67,-66,-67,-100,-100,3
325,-100,-100,-48,-100,-85.686,-100,-100,-70,-68,-66,-66,-67,-69,-66,-66,-100,-100,3
326,-100,-100,-49,-100,-85.686,-100,-100,-69,-71,-71,-71,-100,-65,-100,-66,-100,-100,3
327,-100,-100,-44,-100,-85.686,-100,-100,-76,-76,-76,-76,-71,-72,-75,-72,-100,-100,3
328,-100,-100,-43,-100,-85.686,-100,-100,-68,-69,-70,-69,-65,-68,-65,-65,-100,-100,3
329,-100,-100,-43,-100,-85.686,-100,-100,-61,-64,-64,-64,-69,-71,-71,-70,-100,-100,3
330,-100,-100,-47,-100,-85.686,-100,-100,-69,-70,-69,-69,-66,-69,-66,-69,-100,-100,3
331,-100,-100,-44,-100,-85.686,-100,-100,-78,-73,-70,-70,-68,-73,-74,-71,-100,-100,3
332,-100,-100,-44,-100,-85.686,-100,-100,-71,-70,-71,-70,-73,-73,-75,-76,-100,-100,3
333,-100,-100,-45,-100,-85.686,-100,-100,-72,-72,-73,-72,-70,-72,-70,-70,-100,-100,3
334,-100,-100,-44,-100,-85.686,-100,-100,-73,-73,-75,-78,-73,-71,-71,-71,-100,-100,3
335,-86,-83,-38,-80,-83.0,-100,-100,-57,-59,-62,-61,-100,-68,-100,-66,-100,-100,3
336,-100,-100,-42,-76,-82.0,-100,-100,-61,-62,-61,-62,-56,-58,-59,-59,-100,-100,3
337,-100,-84,-36,-100,-83.0,-100,-100,-61,-62,-62,-61,-70,-68,-67,-66,-100,-100,3
338,-85,-77,-46,-100,-76.0,-100,-100,-66,-63,-68,-69,-64,-65,-63,-63,-100,-100,3
339,-100,-87,-41,-100,-87.0,-100,-100,-71,-72,-72,-71,-80,-78,-79,-81,-100,-100,3
340,-100,-100,-62,-100,-85.686,-100,-100,-67,-68,-70,-68,-75,-75,-72,-74,-100,-100,3
341,-100,-87,-47,-100,-85.686,-100,-100,-70,-71,-72,-72,-76,-74,-74,-73,-100,-100,3
342,-100,-87,-47,-88,-85.686,-100,-100,-58,-59,-58,-59,-70,-70,-70,-71,-100,-100,3
343,-85,-100,-37,-100,-81.0,-100,-100,-70,-69,-71,-70,-60,-62,-62,-58,-100,-100,3
344,-79,-73,-42,-78,-72.0,-100,-100,-64,-63,-61,-59,-63,-63,-67,-64,-100,-100,3
345,-70,-76,-57,-75,-75.0,-100,-100,-67,-65,-63,-62,-69,-61,-68,-68,-100,-100,3
346,-100,-100,-32,-100,-85.686,-100,-100,-61,-60,-61,-59,-59,-58,-59,-55,-100,-100,3
347,-100,-81,-42,-78,-76.0,-100,-100,-60,-58,-58,-59,-63,-62,-63,-63,-100,-100,3
348,-100,-100,-43,-78,-78.0,-100,-100,-62,-60,-61,-63,-58,-58,-59,-59,-100,-100,3
349,-100,-80,-45,-73,-76.0,-100,-100,-64,-64,-64,-64,-65,-67,-67,-100,-100,-100,3
350,-82,-67,-42,-80,-68.0,-100,-100,-53,-51,-51,-52,-63,-66,-65,-65,-100,-100,3
351,-100,-79,-47,-77,-73.0,-100,-100,-65,-66,-67,-65,-67,-66,-62,-64,-100,-100,3
352,-100,-100,-40,-100,-87.0,-100,-100,-51,-53,-51,-52,-63,-64,-64,-61,-100,-100,3
353,-100,-100,-44,-73,-86.0,-100,-100,-66,-67,-66,-67,-72,-71,-72,-72,-100,-100,3
354,-84,-75,-46,-73,-71.0,-100,-100,-62,-61,-59,-63,-65,-64,-65,-63,-100,-100,3
355,-100,-76,-42,-100,-84.0,-100,-100,-66,-68,-66,-66,-59,-59,-61,-60,-100,-100,3
356,-100,-86,-39,-87,-84.0,-100,-100,-65,-66,-64,-65,-60,-59,-59,-58,-100,-100,3
357,-100,-83,-43,-88,-85.0,-100,-100,-65,-64,-65,-64,-58,-60,-60,-59,-100,-100,3
358,-88,-87,-42,-81,-83.0,-100,-100,-64,-65,-65,-65,-59,-60,-58,-59,-100,-100,3
359,-100,-87,-38,-100,-84.0,-100,-100,-63,-64,-64,-63,-59,-59,-60,-57,-100,-100,3
360,-89,-89,-44,-100,-83.0,-100,-100,-65,-65,-64,-65,-58,-58,-59,-62,-100,-100,3
361,-100,-82,-44,-81,-83.0,-100,-100,-64,-64,-64,-63,-59,-60,-58,-64,-100,-100,3
362,-100,-85,-39,-100,-85.686,-100,-100,-64,-64,-64,-64,-58,-56,-57,-57,-100,-100,3
363,-100,-87,-43,-100,-85.686,-100,-100,-65,-63,-63,-64,-58,-62,-60,-59,-100,-100,3
364,-100,-86,-43,-82,-85.686,-100,-100,-65,-65,-65,-65,-58,-59,-57,-57,-100,-100,3
365,-88,-87,-39,-100,-83.0,-100,-100,-64,-64,-65,-65,-59,-57,-57,-57,-100,-100,3
366,-100,-83,-39,-79,-78.0,-100,-100,-64,-63,-64,-63,-59,-100,-59,-58,-100,-100,3
367,-88,-88,-43,-100,-79.0,-100,-100,-64,-65,-65,-64,-58,-60,-58,-56,-100,-100,3
368,-90,-83,-39,-100,-78.0,-100,-100,-64,-64,-64,-65,-59,-57,-60,-55,-100,-100,3
369,-84,-79,-49,-73,-81.0,-100,-100,-70,-67,-67,-67,-58,-56,-56,-55,-100,-100,3
370,-100,-76,-39,-76,-71.0,-100,-100,-56,-57,-54,-57,-61,-61,-60,-62,-100,-100,3
371,-100,-69,-34,-72,-71.0,-100,-100,-57,-59,-59,-58,-66,-65,-66,-66,-100,-100,3
372,-83,-71,-32,-70,-71.0,-100,-100,-54,-54,-56,-55,-66,-65,-66,-66,-100,-100,3
373,-79,-74,-35,-68,-69.0,-100,-100,-62,-60,-62,-61,-63,-63,-63,-63,-100,-100,3
374,-85,-79,-35,-71,-79.0,-100,-100,-55,-53,-54,-55,-71,-70,-72,-72,-100,-100,3
375,-81,-74,-39,-100,-77.0,-100,-100,-58,-59,-54,-62,-59,-61,-63,-60,-100,-100,3
376,-86,-84,-43,-75,-80.0,-100,-100,-62,-66,-64,-64,-59,-59,-58,-57,-100,-100,3
377,-93,-77,-36,-100,-81.0,-100,-100,-67,-65,-65,-66,-56,-54,-60,-56,-100,-100,3
378,-100,-73,-34,-76,-77.0,-100,-100,-62,-63,-61,-60,-57,-56,-53,-57,-100,-100,3
379,-100,-73,-42,-77,-70.0,-100,-100,-61,-61,-61,-60,-64,-64,-65,-65,-100,-100,3
380,-100,-82,-39,-72,-85.0,-100,-100,-54,-53,-54,-56,-62,-58,-58,-59,-100,-100,3
381,-75,-69,-46,-100,-85.0,-100,-100,-54,-56,-60,-57,-53,-52,-52,-52,-100,-100,3
382,-80,-72,-36,-100,-85.686,-100,-100,-58,-55,-55,-56,-60,-58,-57,-58,-100,-100,3
383,-84,-71,-39,-100,-85.0,-100,-100,-53,-59,-60,-56,-59,-56,-61,-59,-100,-100,3
384,-82,-73,-41,-100,-85.686,-100,-100,-67,-64,-65,-64,-62,-61,-64,-59,-100,-100,3
385,-82,-79,-35,-100,-85.686,-100,-100,-62,-59,-60,-66,-63,-64,-63,-66,-100,-100,3
386,-86,-73,-33,-100,-82.0,-100,-100,-59,-58,-59,-59,-62,-62,-62,-62,-100,-100,3
387,-86,-82,-35,-100,-85.686,-100,-100,-64,-67,-66,-65,-62,-61,-57,-64,-100,-100,3
388,-79,-68,-41,-100,-85.686,-100,-100,-58,-58,-58,-58,-57,-57,-58,-56,-100,-100,3
389,-100,-67,-33,-100,-88.0,-100,-100,-63,-59,-59,-60,-58,-59,-59,-58,-100,-100,3
390,-100,-82,-32,-100,-89.0,-100,-100,-66,-67,-65,-60,-64,-64,-63,-64,-100,-100,3
391,-100,-71,-40,-100,-89.0,-100,-100,-65,-65,-64,-64,-54,-56,-54,-54,-100,-100,3
392,-100,-76,-39,-100,-89.0,-100,-100,-56,-56,-56,-55,-55,-55,-55,-55,-100,-100,3
393,-85,-77,-48,-71,-83.0,-100,-100,-55,-57,-56,-55,-59,-59,-58,-57,-100,-100,3
394,-82,-75,-32,-77,-87.0,-100,-100,-62,-60,-61,-61,-60,-61,-63,-62,-100,-100,3
395,-83,-72,-38,-100,-84.0,-100,-100,-57,-60,-57,-57,-67,-68,-73,-67,-100,-100,3
396,-86,-74,-44,-100,-90.0,-100,-100,-59,-58,-59,-61,-68,-70,-64,-63,-100,-100,3
397,-86,-76,-44,-74,-74.0,-100,-100,-62,-61,-61,-61,-59,-57,-58,-56,-100,-100,3
398,-83,-73,-38,-75,-77.0,-100,-100,-66,-66,-65,-67,-58,-58,-57,-55,-100,-100,3
399,-87,-88,-37,-100,-87.0,-100,-100,-61,-61,-60,-61,-66,-63,-64,-62,-100,-100,3
400,-87,-78,-36,-100,-79.0,-100,-100,-62,-69,-64,-64,-56,-57,-57,-56,-100,-100,3
401,-89,-71,-37,-80,-80.0,-100,-100,-74,-73,-71,-71,-67,-67,-67,-67,-100,-100,3
402,-87,-71,-42,-100,-70.0,-100,-100,-62,-64,-63,-65,-65,-64,-66,-66,-100,-100,3
403,-86,-82,-42,-75,-73.0,-100,-100,-53,-55,-53,-54,-63,-63,-62,-63,-100,-100,3
404,-86,-79,-44,-69,-69.0,-100,-100,-64,-66,-65,-66,-68,-69,-69,-69,-100,-100,3
405,-100,-74,-43,-75,-70.0,-100,-100,-64,-63,-63,-63,-100,-61,-60,-61,-100,-100,3
406,-90,-75,-42,-75,-69.0,-100,-100,-60,-58,-58,-60,-64,-69,-66,-67,-100,-100,3
407,-87,-74,-45,-76,-74.0,-100,-100,-65,-58,-58,-57,-66,-64,-64,-64,-100,-100,3
408,-87,-72,-41,-77,-76.0,-100,-100,-58,-57,-57,-57,-66,-64,-66,-64,-100,-100,3
409,-91,-87,-41,-78,-83.0,-100,-100,-64,-63,-63,-64,-66,-66,-66,-68,-100,-100,3
410,-86,-75,-40,-100,-80.0,-100,-100,-66,-63,-65,-66,-64,-65,-65,-66,-100,-100,3
411,-84,-73,-50,-75,-73.0,-100,-100,-67,-67,-66,-66,-66,-67,-66,-66,-100,-100,3
412,-88,-71,-36,-100,-73.0,-100,-100,-61,-60,-60,-60,-63,-62,-100,-100,-100,-100,3
413,-88,-75,-41,-75,-77.0,-100,-100,-61,-62,-65,-63,-60,-64,-62,-64,-100,-100,3
414,-100,-73,-41,-80,-73.0,-100,-100,-60,-57,-57,-60,-62,-63,-63,-61,-100,-100,3
415,-86,-72,-40,-71,-75.0,-100,-100,-70,-73,-72,-73,-60,-59,-62,-58,-100,-100,3
416,-83,-77,-42,-79,-69.0,-100,-100,-64,-60,-65,-65,-62,-63,-63,-63,-100,-100,3
417,-100,-73,-40,-69,-71.0,-100,-100,-68,-67,-68,-68,-59,-61,-59,-61,-100,-100,3
418,-88,-71,-40,-69,-70.0,-100,-100,-58,-76,-57,-59,-65,-66,-66,-66,-100,-100,3
419,-83,-74,-41,-74,-77.0,-100,-100,-67,-66,-65,-65,-60,-58,-57,-57,-100,-100,3
420,-88,-77,-42,-76,-75.0,-100,-100,-55,-57,-58,-58,-59,-60,-63,-60,-100,-100,3
421,-84,-71,-40,-74,-75.0,-100,-100,-76,-64,-64,-65,-58,-58,-58,-61,-100,-100,3
422,-85,-81,-32,-68,-77.0,-100,-100,-63,-61,-64,-64,-67,-70,-69,-70,-100,-100,3
423,-86,-75,-35,-71,-75.0,-100,-100,-67,-66,-68,-68,-62,-63,-62,-62,-100,-100,3
424,-88,-73,-42,-72,-65.0,-100,-100,-61,-65,-63,-62,-68,-63,-68,-63,-100,-100,3
425,-91,-70,-39,-100,-77.0,-100,-100,-62,-62,-62,-62,-63,-65,-63,-65,-100,-100,3
426,-84,-75,-35,-77,-74.0,-100,-100,-57,-56,-57,-57,-64,-65,-61,-66,-100,-100,3
427,-100,-67,-39,-74,-76.0,-100,-100,-58,-59,-58,-59,-61,-62,-63,-64,-100,-100,3
428,-90,-70,-37,-75,-74.0,-100,-100,-60,-59,-59,-59,-66,-66,-66,-67,-100,-100,3
429,-100,-68,-41,-100,-79.0,-100,-100,-63,-63,-61,-61,-60,-61,-61,-60,-100,-100,3
430,-89,-84,-39,-76,-75.0,-100,-100,-68,-69,-63,-65,-60,-60,-62,-59,-100,-100,3
431,-87,-78,-44,-72,-72.0,-100,-100,-60,-61,-58,-58,-65,-63,-65,-66,-100,-100,3
432,-85,-80,-36,-100,-76.0,-100,-100,-71,-73,-71,-73,-64,-63,-63,-63,-100,-100,3
433,-83,-75,-38,-71,-68.0,-100,-100,-64,-66,-66,-66,-65,-64,-63,-63,-100,-100,3
434,-80,-77,-36,-75,-75.0,-100,-100,-61,-64,-63,-62,-64,-71,-68,-68,-100,-100,3
435,-100,-73,-37,-100,-74.0,-100,-100,-61,-61,-61,-61,-65,-66,-73,-66,-100,-100,3
436,-91,-75,-42,-68,-69.0,-100,-100,-61,-62,-62,-62,-68,-68,-68,-68,-100,-100,3
437,-100,-79,-37,-100,-79.0,-100,-100,-58,-60,-58,-58,-71,-73,-72,-73,-100,-100,3
438,-86,-71,-40,-68,-74.0,-100,-100,-61,-60,-60,-60,-63,-64,-64,-64,-100,-100,3
439,-82,-77,-39,-69,-70.0,-100,-100,-68,-67,-67,-68,-100,-100,-100,-100,-100,-100,3
440,-88,-75,-35,-76,-74.0,-100,-100,-60,-58,-59,-59,-73,-72,-72,-71,-100,-100,3
441,-89,-82,-33,-72,-72.0,-100,-100,-60,-60,-60,-59,-65,-66,-65,-64,-100,-100,3
442,-100,-75,-44,-100,-77.0,-100,-100,-64,-64,-63,-64,-60,-63,-60,-62,-100,-100,3
443,-86,-74,-38,-64,-69.0,-100,-100,-61,-61,-61,-62,-60,-62,-64,-62,-100,-100,3
444,-85,-77,-39,-68,-72.0,-100,-100,-64,-63,-64,-64,-57,-56,-57,-57,-100,-100,3
445,-89,-82,-42,-67,-89.0,-100,-100,-57,-56,-55,-58,-65,-67,-67,-67,-100,-100,3
446,-83,-78,-43,-100,-73.0,-100,-100,-59,-57,-61,-60,-56,-100,-63,-61,-100,-100,3
447,-88,-82,-42,-77,-78.0,-100,-100,-58,-59,-58,-58,-72,-69,-70,-70,-100,-100,3
448,-100,-72,-37,-67,-84.0,-100,-100,-65,-65,-66,-65,-64,-65,-63,-66,-100,-100,3
449,-90,-75,-40,-66,-72.0,-100,-100,-66,-64,-66,-66,-65,-65,-64,-63,-100,-100,3
450,-100,-79,-37,-72,-72.0,-100,-100,-68,-65,-67,-66,-67,-66,-67,-66,-100,-100,3
451,-88,-82,-37,-76,-78.0,-100,-100,-66,-66,-65,-67,-66,-66,-66,-65,-100,-100,3
452,-83,-73,-44,-73,-76.0,-100,-100,-61,-58,-59,-59,-63,-63,-62,-61,-100,-100,3
453,-83,-84,-38,-76,-78.0,-100,-100,-63,-62,-62,-60,-63,-64,-65,-65,-100,-100,3
454,-82,-79,-42,-76,-85.0,-100,-100,-60,-61,-61,-62,-67,-100,-100,-100,-100,-100,3
455,-86,-78,-49,-73,-85.0,-100,-100,-60,-59,-60,-60,-68,-68,-68,-69,-100,-100,3
456,-84,-88,-42,-76,-85.686,-100,-100,-58,-58,-57,-60,-64,-64,-65,-67,-100,-100,3
457,-92,-77,-39,-73,-76.0,-100,-100,-62,-63,-64,-64,-66,-66,-66,-65,-100,-100,3
458,-83,-73,-40,-72,-72.0,-100,-100,-65,-64,-65,-64,-65,-66,-66,-66,-100,-100,3
459,-90,-78,-36,-77,-75.0,-100,-100,-69,-65,-66,-68,-66,-66,-65,-65,-100,-100,3
460,-85,-77,-45,-74,-74.0,-100,-100,-61,-60,-61,-61,-64,-69,-70,-68,-100,-100,3
461,-86,-77,-40,-71,-79.0,-100,-100,-64,-65,-66,-65,-60,-58,-62,-58,-100,-100,3
462,-90,-78,-39,-100,-78.0,-100,-100,-62,-64,-63,-61,-100,-68,-69,-67,-100,-100,3
463,-86,-78,-38,-78,-75.0,-100,-100,-55,-56,-57,-58,-61,-66,-68,-66,-100,-100,3
464,-100,-68,-46,-75,-70.0,-100,-100,-61,-58,-59,-62,-67,-68,-76,-100,-100,-100,3
465,-83,-84,-41,-74,-79.0,-100,-100,-66,-63,-65,-64,-62,-73,-63,-63,-100,-100,3
466,-88,-78,-45,-73,-76.0,-100,-100,-61,-63,-61,-59,-100,-100,-68,-66,-100,-100,3
467,-85,-80,-36,-71,-72.0,-100,-100,-69,-69,-67,-68,-60,-66,-63,-66,-100,-100,3
468,-88,-84,-33,-75,-77.0,-100,-100,-61,-61,-61,-62,-74,-100,-68,-66,-100,-100,3
469,-100,-75,-37,-66,-71.0,-100,-100,-59,-57,-58,-58,-69,-69,-67,-70,-100,-100,3
470,-82,-78,-35,-72,-76.0,-100,-100,-64,-64,-67,-66,-62,-61,-61,-61,-100,-100,3
471,-100,-76,-38,-73,-74.0,-100,-100,-67,-69,-68,-69,-64,-66,-65,-65,-100,-100,3
472,-86,-72,-44,-82,-70.0,-100,-100,-56,-56,-58,-56,-68,-70,-67,-69,-100,-100,3
473,-86,-78,-40,-72,-74.0,-100,-100,-62,-64,-63,-64,-70,-100,-71,-100,-100,-100,3
474,-87,-72,-42,-77,-75.0,-100,-100,-61,-59,-58,-58,-60,-64,-62,-70,-100,-100,3
475,-81,-74,-40,-75,-76.0,-100,-100,-65,-65,-65,-65,-68,-68,-70,-68,-100,-100,3
476,-88,-77,-41,-100,-79.0,-100,-100,-68,-62,-60,-61,-64,-100,-65,-62,-100,-100,3
477,-87,-78,-44,-76,-84.0,-100,-100,-68,-67,-70,-67,-64,-64,-64,-64,-100,-100,3
478,-81,-67,-36,-78,-75.0,-100,-100,-64,-61,-59,-60,-65,-64,-64,-65,-100,-100,3
479,-80,-73,-55,-76,-80.0,-100,-100,-59,-62,-61,-58,-66,-66,-67,-67,-100,-100,3
480,-81,-74,-53,-70,-78.0,-100,-100,-64,-64,-64,-64,-70,-65,-70,-69,-100,-100,3
481,-88,-84,-36,-73,-77.0,-100,-100,-65,-65,-66,-65,-65,-66,-66,-66,-100,-100,3
482,-83,-81,-54,-64,-67.0,-100,-100,-65,-65,-66,-66,-64,-65,-67,-64,-100,-100,3
483,-100,-78,-50,-61,-69.0,-100,-100,-65,-65,-65,-66,-62,-62,-65,-63,-100,-100,3
484,-83,-73,-37,-71,-70.0,-100,-100,-68,-67,-69,-68,-60,-61,-61,-62,-100,-100,3
485,-100,-78,-40,-65,-73.0,-100,-100,-62,-59,-63,-61,-66,-61,-69,-67,-100,-100,3
486,-100,-76,-43,-81,-81.0,-100,-100,-65,-66,-66,-65,-64,-62,-63,-62,-100,-100,3
487,-83,-68,-43,-70,-71.0,-100,-100,-54,-55,-54,-54,-62,-60,-60,-62,-100,-100,3
488,-79,-79,-32,-67,-67.0,-100,-100,-67,-70,-68,-67,-100,-100,-65,-65,-100,-100,3
489,-86,-76,-38,-68,-70.0,-100,-100,-63,-64,-65,-62,-60,-65,-62,-63,-100,-100,3
490,-100,-71,-36,-67,-84.0,-100,-100,-69,-67,-68,-69,-63,-61,-60,-61,-100,-100,3
491,-100,-83,-38,-72,-74.0,-100,-100,-61,-62,-62,-60,-62,-61,-60,-61,-100,-100,3
492,-83,-74,-40,-77,-80.0,-100,-100,-64,-65,-62,-63,-60,-63,-64,-62,-100,-100,3
493,-86,-86,-48,-82,-77.0,-100,-100,-66,-67,-66,-67,-69,-69,-69,-71,-100,-100,3
494,-84,-80,-49,-75,-83.0,-100,-100,-68,-68,-65,-66,-67,-68,-67,-70,-100,-100,3
495,-77,-75,-51,-75,-78.0,-100,-100,-61,-60,-61,-62,-58,-56,-58,-59,-100,-100,3
496,-85,-76,-37,-74,-79.0,-100,-100,-61,-61,-60,-60,-66,-63,-64,-64,-100,-100,3
497,-100,-85,-38,-68,-76.0,-100,-100,-58,-59,-60,-62,-61,-62,-60,-60,-100,-100,3
498,-83,-60,-33,-67,-67.0,-100,-100,-60,-60,-63,-61,-66,-64,-66,-66,-100,-100,3
499,-80,-63,-39,-66,-71.0,-100,-100,-60,-62,-61,-61,-59,-58,-61,-60,-100,-100,3
