Abyusif,abram Gad,STUDBME2,BMES_Secrelary,ESP32_One,Saeed,Sbme-Staff,CMP LAB1,CMP LAB2,CMP LAB3,CMP LAB4,CMP_LAB1,CMP_LAB2,CMP_LAB3,CMP_LAB4,Lab-admin,RehabLab,label
-71,-63,-65,-80,-75,-71,-100,-100,-100,-100,-100,-72,-73,-71,-70,-86,-100,4
-68,-59,-62,-86,-77,-71,-100,-83,-100,-100,-100,-76,-76,-74,-78,-83,-88,4
-72,-55,-52,-81,-70,-68,-100,-100,-81,-100,-79,-63,-64,-64,-67,-100,-90,4
-82,-54,-50,-82,-71,-69,-100,-78,-100,-76,-78,-63,-67,-66,-65,-82,-87,4
-65,-57,-49,-77,-66,-76,-100,-79,-76,-100,-75,-73,-75,-74,-74,-79,-100,4
-76,-70,-65,-62,-63,-72,-81,-86,-100,-100,-88,-82,-80,-76,-76,-100,-100,4
-64,-54,-60,-67,-64,-100,-100,-76,-75,-75,-75,-69,-69,-70,-69,-100,-87,4
-65,-60,-57,-79,-65,-100,-100,-73,-74,-74,-73,-70,-70,-71,-71,-70,-100,4
-67,-62,-57,-79,-61,-100,-100,-80,-78,-81,-100,-78,-72,-82,-81,-79,-100,4
-76,-67,-72,-75,-62,-100,-100,-100,-89,-88,-100,-78,-100,-100,-77,-100,-100,4
-68,-55,-65,-64,-83,-100,-87,-82,-86,-81,-84,-80,-76,-76,-74,-84,-100,4
-76,-62,-52,-71,-69,-100,-86,-100,-75,-75,-75,-63,-63,-62,-63,-77,-90,4
-66,-64,-54,-72,-67,-100,-100,-100,-69,-100,-72,-63,-65,-64,-64,-69,-87,4
-57,-57,-61,-66,-57,-100,-78,-85,-82,-83,-84,-76,-75,-76,-76,-86,-100,4
-69,-56,-61,-71,-61,-100,-100,-100,-100,-100,-100,-100,-100,-100,-100,-100,-100,4
-74,-51,-61,-72,-64,-100,-90,-89,-100,-83,-87,-72,-74,-73,-74,-81,-91,4
-70,-62,-52,-76,-75,-100,-100,-76,-75,-75,-100,-69,-77,-70,-71,-75,-100,4
-67,-60,-52,-72,-59,-100,-100,-78,-80,-76,-78,-80,-82,-82,-79,-84,-100,4
-68,-74,-68,-100,-63,-100,-88,-100,-100,-100,-100,-100,-100,-100,-100,-100,-100,4
-65,-61,-60,-71,-62,-100,-100,-84,-80,-84,-80,-75,-74,-73,-74,-84,-100,4
-100,-54,-56,-70,-65,-100,-81,-79,-78,-81,-79,-68,-68,-69,-68,-90,-100,4
-67,-55,-70,-77,-80,-100,-100,-81,-82,-100,-85,-81,-81,-78,-78,-100,-100,4
-70,-56,-59,-74,-63,-100,-86,-84,-100,-84,-81,-75,-76,-74,-75,-85,-93,4
-77,-64,-67,-74,-72,-100,-90,-76,-76,-100,-80,-100,-73,-69,-69,-76,-90,4
-83,-54,-67,-71,-69,-100,-80,-100,-89,-87,-100,-76,-83,-77,-76,-83,-100,4
-72,-59,-72,-75,-69,-100,-86,-87,-85,-83,-87,-77,-76,-77,-76,-84,-94,4
-74,-65,-59,-67,-67,-100,-85,-83,-86,-84,-100,-81,-80,-77,-79,-100,-100,4
-71,-65,-55,-68,-75,-100,-100,-100,-83,-85,-84,-76,-76,-76,-76,-89,-100,4
-74,-56,-68,-67,-72,-100,-88,-80,-81,-82,-81,-80,-83,-81,-80,-83,-100,4
-62,-64,-68,-59,-58,-100,-85,-84,-83,-82,-83,-83,-81,-84,-80,-87,-100,4
-80,-59,-67,-66,-71,-100,-84,-84,-89,-89,-86,-75,-76,-74,-81,-87,-100,4
-79,-68,-62,-65,-68,-100,-77,-100,-88,-88,-100,-84,-100,-100,-83,-100,-100,4
-82,-67,-62,-65,-66,-38,-77,-86,-87,-84,-87,-81,-80,-81,-81,-86,-100,4
-86,-63,-64,-65,-66,-17,-76,-85,-87,-85,-86,-80,-78,-78,-78,-87,-100,4
-63,-66,-64,-62,-61,-60,-100,-82,-82,-82,-79,-81,-81,-80,-84,-82,-90,4
-61,-63,-66,-78,-67,-69,-100,-83,-77,-100,-77,-74,-74,-77,-77,-79,-90,4
-68,-68,-54,-71,-66,-63,-86,-78,-78,-81,-77,-69,-69,-72,-68,-100,-85,4
-61,-63,-55,-77,-63,-59,-100,-100,-79,-100,-79,-73,-76,-75,-77,-100,-92,4
-78,-58,-58,-74,-60,-64,-91,-73,-74,-74,-73,-70,-69,-68,-74,-82,-89,4
-59,-54,-68,-80,-65,-71,-100,-81,-79,-80,-79,-76,-78,-79,-79,-89,-93,4
-75,-55,-55,-75,-59,-71,-100,-71,-72,-72,-72,-63,-64,-65,-67,-82,-100,4
-72,-61,-54,-77,-65,-69,-100,-71,-70,-100,-72,-72,-67,-67,-66,-70,-82,4
-76,-61,-55,-71,-67,-69,-86,-83,-83,-83,-83,-75,-77,-79,-81,-80,-100,4
-68,-74,-63,-69,-64,-75,-100,-92,-86,-89,-88,-85,-86,-82,-84,-87,-100,4
-74,-62,-64,-64,-66,-68,-100,-85,-87,-88,-87,-84,-87,-84,-85,-87,-100,4
-64,-57,-58,-75,-63,-74,-100,-85,-88,-87,-86,-84,-81,-79,-78,-81,-100,4
-63,-54,-64,-70,-68,-71,-89,-84,-85,-84,-84,-75,-75,-74,-76,-89,-100,4
-65,-55,-55,-75,-71,-76,-86,-78,-78,-81,-79,-68,-70,-69,-68,-77,-90,4
-70,-63,-53,-73,-66,-66,-100,-69,-69,-71,-69,-71,-63,-66,-63,-71,-100,4
-71,-63,-58,-85,-69,-65,-100,-76,-77,-100,-79,-76,-76,-79,-79,-70,-100,4
-65,-58,-67,-63,-70,-69,-82,-85,-87,-87,-90,-85,-80,-83,-87,-88,-100,4
-81,-48,-56,-62,-64,-80,-94,-85,-87,-82,-83,-71,-74,-78,-81,-79,-90,4
-77,-62,-58,-81,-75,-71,-100,-76,-77,-76,-75,-73,-72,-72,-78,-86,-90,4
-81,-63,-53,-83,-75,-66,-100,-80,-100,-100,-100,-73,-80,-74,-73,-77,-90,4
-75,-61,-59,-74,-78,-67,-88,-77,-79,-81,-81,-69,-70,-72,-68,-81,-98,4
-69,-64,-67,-73,-75,-100,-88,-93,-87,-89,-90,-86,-87,-85,-84,-89,-100,4
-68,-65,-59,-76,-62,-100,-100,-77,-79,-77,-77,-63,-63,-64,-62,-80,-100,4
-70,-64,-60,-80,-72,-100,-100,-74,-74,-74,-73,-66,-64,-66,-67,-70,-88,4
-74,-64,-61,-65,-70,-100,-84,-79,-79,-78,-79,-81,-80,-79,-81,-82,-92,4
-68,-53,-72,-80,-70,-100,-78,-89,-90,-89,-88,-87,-83,-100,-86,-90,-100,4
-71,-57,-69,-78,-71,-100,-73,-87,-89,-87,-87,-82,-81,-83,-81,-100,-100,4
-69,-60,-66,-70,-62,-100,-83,-86,-86,-86,-100,-85,-83,-85,-85,-100,-100,4
-60,-59,-66,-80,-64,-100,-100,-88,-100,-90,-100,-74,-73,-74,-74,-82,-90,4
-68,-68,-55,-75,-74,-100,-100,-100,-80,-78,-77,-70,-71,-75,-71,-80,-100,4
-69,-86,-61,-76,-69,-100,-89,-76,-77,-100,-71,-58,-58,-58,-59,-76,-85,4
-64,-66,-68,-76,-65,-100,-100,-84,-100,-84,-87,-100,-83,-87,-86,-83,-100,4
-69,-60,-68,-65,-63,-100,-82,-100,-87,-88,-89,-84,-85,-81,-81,-100,-100,4
-73,-64,-63,-77,-70,-100,-80,-85,-86,-84,-83,-78,-77,-82,-79,-82,-94,4
-67,-68,-68,-79,-71,-100,-100,-84,-84,-84,-81,-76,-77,-76,-74,-79,-91,4
-76,-68,-61,-84,-82,-100,-100,-81,-80,-82,-80,-77,-84,-84,-82,-84,-85,4
-64,-63,-62,-70,-69,-100,-100,-83,-83,-80,-81,-88,-84,-85,-88,-83,-95,4
-57,-61,-64,-74,-64,-100,-86,-78,-78,-78,-79,-75,-75,-76,-75,-82,-100,4
-78,-62,-57,-76,-70,-100,-90,-80,-80,-81,-79,-66,-67,-66,-67,-82,-100,4
-71,-63,-65,-84,-68,-100,-100,-80,-79,-79,-80,-68,-67,-66,-65,-86,-100,4
-75,-59,-63,-77,-68,-100,-100,-83,-83,-82,-84,-73,-74,-75,-73,-79,-92,4
-73,-62,-58,-69,-69,-100,-86,-89,-86,-88,-88,-87,-90,-87,-86,-87,-100,4
-72,-64,-58,-68,-69,-100,-100,-89,-88,-89,-88,-89,-86,-88,-86,-88,-100,4
-66,-67,-63,-68,-72,-100,-89,-89,-89,-87,-87,-83,-85,-85,-85,-100,-100,4
-73,-68,-69,-64,-69,-100,-100,-85,-87,-87,-87,-84,-87,-87,-87,-89,-100,4
-76,-67,-60,-72,-74,-100,-88,-87,-87,-86,-88,-87,-85,-84,-86,-88,-100,4
-76,-69,-58,-75,-74,-100,-100,-100,-91,-100,-100,-84,-84,-84,-100,-90,-100,4
-72,-68,-64,-68,-72,-70,-100,-88,-89,-89,-89,-87,-86,-83,-87,-89,-100,4
-73,-68,-66,-68,-70,-58,-100,-90,-89,-90,-89,-86,-83,-83,-86,-92,-100,4
-73,-69,-64,-70,-69,-83,-88,-89,-90,-90,-89,-84,-84,-83,-83,-90,-100,4
-73,-68,-63,-73,-70,-74,-92,-87,-89,-89,-87,-88,-86,-84,-88,-100,-100,4
-73,-67,-64,-68,-67,-77,-100,-88,-87,-85,-88,-88,-87,-87,-87,-91,-100,4
-76,-62,-59,-69,-70,-70,-100,-84,-83,-81,-82,-78,-79,-78,-79,-89,-100,4
-100,-54,-62,-69,-63,-57,-100,-87,-88,-89,-100,-85,-80,-86,-81,-100,-100,4
-69,-63,-50,-71,-64,-72,-100,-78,-77,-78,-78,-67,-66,-66,-66,-78,-82,4
-71,-76,-56,-76,-64,-60,-100,-81,-80,-80,-80,-77,-74,-77,-75,-89,-100,4
-80,-63,-59,-74,-63,-72,-100,-69,-67,-69,-70,-72,-69,-72,-72,-75,-88,4
-73,-62,-66,-86,-74,-69,-100,-85,-85,-86,-84,-83,-83,-77,-75,-100,-85,4
-63,-74,-69,-74,-82,-72,-100,-82,-85,-87,-83,-81,-78,-78,-79,-86,-93,4
-66,-65,-63,-73,-77,-76,-100,-80,-79,-100,-80,-82,-81,-79,-80,-89,-91,4
-71,-68,-61,-72,-68,-70,-100,-81,-82,-81,-81,-75,-77,-75,-75,-83,-94,4
-72,-63,-47,-74,-61,-68,-100,-70,-69,-68,-73,-68,-72,-69,-67,-100,-89,4
-75,-59,-67,-80,-69,-60,-100,-77,-77,-76,-76,-67,-65,-66,-67,-78,-100,4
-73,-61,-57,-79,-67,-57,-100,-100,-76,-100,-100,-65,-64,-64,-65,-100,-100,4
-69,-62,-51,-73,-68,-61,-100,-72,-76,-70,-72,-72,-70,-70,-72,-72,-89,4
-66,-56,-64,-70,-67,-58,-85,-82,-84,-83,-84,-90,-88,-86,-100,-100,-100,4
-70,-64,-60,-75,-67,-64,-100,-90,-89,-88,-86,-82,-84,-100,-86,-89,-100,4
-78,-69,-69,-79,-75,-72,-100,-86,-89,-89,-87,-76,-81,-78,-80,-90,-100,4
-68,-67,-71,-78,-74,-69,-100,-88,-91,-90,-91,-83,-82,-84,-87,-100,-100,4
-71,-56,-59,-71,-65,-78,-100,-82,-81,-80,-84,-73,-73,-72,-74,-84,-90,4
-73,-67,-63,-77,-66,-73,-100,-78,-79,-78,-78,-75,-74,-75,-72,-84,-89,4
-66,-66,-67,-82,-75,-62,-100,-81,-82,-100,-81,-79,-78,-79,-79,-80,-100,4
-74,-67,-55,-80,-81,-68,-100,-83,-84,-85,-83,-90,-85,-87,-89,-85,-100,4
-72,-69,-59,-75,-66,-69,-100,-74,-77,-73,-73,-83,-82,-82,-82,-100,-100,4
-69,-58,-53,-79,-55,-70,-100,-100,-85,-100,-100,-77,-78,-79,-76,-83,-100,4
-81,-73,-51,-78,-80,-70,-100,-82,-83,-84,-84,-77,-78,-77,-75,-80,-100,4
-67,-53,-47,-75,-61,-100,-100,-71,-70,-69,-71,-69,-67,-69,-69,-80,-84,4
-67,-61,-68,-69,-73,-100,-100,-79,-79,-82,-83,-83,-86,-81,-81,-83,-100,4
-72,-68,-62,-73,-67,-100,-100,-82,-83,-82,-84,-84,-81,-82,-81,-100,-100,4
-76,-64,-61,-76,-59,-100,-87,-84,-83,-83,-83,-73,-75,-74,-74,-90,-95,4
-72,-52,-63,-74,-57,-100,-84,-80,-81,-80,-80,-78,-78,-77,-78,-89,-91,4
-75,-61,-63,-86,-72,-100,-100,-85,-84,-86,-84,-72,-72,-74,-72,-84,-100,4
-68,-66,-64,-78,-72,-100,-100,-85,-85,-100,-100,-79,-80,-74,-79,-80,-100,4
-72,-69,-64,-90,-75,-100,-92,-79,-80,-82,-81,-70,-70,-71,-71,-79,-90,4
-74,-68,-62,-80,-79,-100,-90,-74,-75,-74,-76,-74,-74,-73,-74,-82,-100,4
-71,-72,-64,-81,-72,-100,-100,-74,-77,-75,-75,-77,-77,-78,-76,-75,-100,4
-71,-63,-63,-82,-68,-100,-100,-84,-83,-83,-83,-75,-73,-73,-73,-74,-87,4
-70,-55,-53,-79,-67,-100,-94,-78,-80,-83,-100,-70,-75,-66,-67,-71,-100,4
-72,-64,-50,-81,-59,-100,-85,-79,-80,-81,-80,-74,-80,-78,-72,-100,-89,4
-70,-75,-58,-72,-67,-100,-92,-71,-72,-71,-71,-73,-76,-67,-72,-100,-100,4
-70,-62,-55,-83,-65,-100,-100,-81,-81,-79,-83,-75,-76,-75,-75,-83,-100,4
-72,-67,-58,-74,-59,-100,-100,-72,-77,-72,-73,-69,-68,-69,-67,-70,-100,4
-73,-58,-53,-77,-75,-100,-93,-83,-83,-86,-100,-81,-81,-80,-79,-80,-93,4
-73,-58,-56,-76,-76,-100,-92,-100,-87,-86,-86,-79,-80,-78,-80,-80,-100,4
-72,-58,-54,-76,-74,-100,-100,-83,-82,-85,-82,-83,-82,-83,-81,-79,-92,4
-71,-58,-53,-79,-72,-52,-92,-82,-83,-80,-80,-77,-77,-78,-78,-76,-100,4
-72,-61,-59,-80,-71,-35,-100,-83,-78,-78,-81,-84,-83,-83,-83,-75,-94,4
-72,-58,-57,-78,-72,-82,-93,-81,-82,-82,-84,-80,-77,-81,-80,-79,-89,4
-74,-58,-57,-77,-73,-100,-90,-83,-85,-84,-83,-81,-78,-80,-80,-79,-89,4
-73,-58,-55,-80,-75,-100,-93,-85,-85,-84,-86,-79,-81,-81,-80,-80,-100,4
-72,-58,-54,-76,-76,-100,-100,-83,-85,-86,-80,-78,-79,-77,-78,-80,-100,4
-75,-59,-53,-78,-68,-100,-90,-81,-79,-79,-79,-77,-77,-78,-77,-77,-89,4
-75,-59,-54,-74,-67,-100,-100,-84,-83,-83,-84,-76,-76,-75,-75,-81,-89,4
-79,-64,-49,-74,-64,-100,-78,-78,-79,-74,-75,-72,-74,-76,-79,-77,-89,4
-71,-64,-56,-72,-58,-100,-82,-77,-78,-78,-78,-78,-79,-78,-78,-100,-100,4
-72,-68,-61,-79,-59,-100,-100,-88,-91,-88,-87,-82,-82,-83,-83,-100,-100,4
-69,-69,-65,-77,-67,-100,-88,-85,-86,-86,-86,-85,-84,-83,-83,-83,-100,4
-75,-68,-64,-68,-70,-100,-85,-85,-86,-84,-86,-79,-77,-77,-77,-86,-100,4
-74,-64,-59,-76,-62,-100,-92,-85,-83,-82,-82,-77,-77,-78,-78,-82,-92,4
-73,-72,-59,-75,-64,-100,-87,-84,-82,-82,-82,-76,-76,-77,-76,-80,-93,4
-78,-66,-59,-78,-62,-100,-86,-83,-83,-81,-82,-75,-75,-76,-82,-83,-100,4
-71,-64,-62,-71,-65,-100,-87,-85,-85,-84,-87,-83,-83,-100,-83,-88,-100,4
-75,-70,-61,-74,-74,-100,-90,-100,-100,-100,-100,-81,-81,-81,-82,-100,-94,4
-73,-74,-65,-73,-69,-100,-91,-86,-87,-87,-88,-78,-79,-78,-80,-100,-100,4
-72,-49,-62,-78,-73,-100,-91,-80,-79,-80,-79,-70,-70,-66,-68,-81,-86,4
-72,-62,-61,-73,-75,-100,-93,-80,-79,-81,-80,-72,-72,-72,-72,-81,-100,4
-66,-64,-65,-81,-82,-100,-95,-81,-81,-81,-80,-72,-71,-72,-74,-100,-90,4
-67,-57,-51,-85,-80,-68,-100,-79,-80,-81,-81,-73,-71,-73,-72,-76,-92,4
-74,-61,-52,-59,-69,-57,-88,-77,-78,-78,-77,-77,-76,-77,-77,-84,-91,4
-76,-69,-53,-66,-58,-100,-82,-76,-76,-75,-76,-69,-68,-67,-68,-78,-87,4
-85,-55,-53,-59,-56,-100,-85,-78,-78,-79,-79,-78,-79,-79,-78,-85,-100,4
-66,-58,-51,-60,-60,-100,-86,-77,-77,-79,-77,-72,-74,-75,-73,-81,-90,4
-66,-57,-53,-60,-60,-100,-87,-77,-77,-76,-77,-76,-76,-73,-77,-81,-100,4
-73,-55,-57,-63,-72,-100,-100,-80,-80,-80,-81,-80,-76,-78,-80,-83,-92,4
-71,-58,-62,-63,-63,-100,-88,-80,-79,-80,-80,-75,-76,-76,-76,-83,-100,4
-72,-58,-57,-62,-59,-100,-86,-80,-81,-79,-80,-76,-75,-75,-75,-83,-100,4
-72,-59,-58,-60,-59,-67,-88,-80,-80,-80,-80,-75,-75,-75,-75,-83,-94,4
-76,-55,-55,-61,-61,-72,-87,-77,-77,-76,-76,-73,-73,-72,-73,-81,-100,4
-73,-56,-55,-60,-60,-75,-86,-77,-76,-76,-76,-77,-77,-76,-76,-81,-100,4
-77,-61,-51,-66,-61,-67,-90,-67,-67,-67,-66,-66,-66,-66,-66,-80,-82,4
-55,-58,-52,-60,-54,-64,-83,-77,-74,-74,-73,-70,-73,-75,-72,-80,-100,4
-69,-69,-62,-77,-84,-74,-100,-88,-87,-90,-89,-81,-83,-83,-83,-100,-94,4
-71,-63,-52,-81,-66,-72,-93,-82,-80,-80,-80,-70,-70,-70,-70,-79,-91,4
-83,-62,-56,-69,-62,-68,-90,-80,-81,-81,-82,-73,-73,-72,-73,-80,-87,4
-71,-61,-52,-68,-76,-79,-87,-77,-78,-77,-75,-65,-64,-65,-65,-84,-90,4
-72,-64,-74,-86,-64,-75,-93,-89,-88,-88,-89,-84,-83,-83,-83,-87,-100,4
-70,-53,-68,-70,-69,-67,-94,-100,-88,-85,-100,-82,-81,-82,-80,-84,-92,4
-71,-52,-56,-71,-63,-76,-90,-76,-74,-74,-74,-75,-75,-75,-75,-100,-89,4
-65,-59,-62,-64,-65,-66,-87,-83,-83,-82,-83,-70,-70,-70,-70,-82,-88,4
-61,-60,-58,-84,-80,-65,-88,-78,-75,-77,-78,-72,-69,-70,-71,-75,-90,4
-67,-59,-53,-72,-57,-64,-89,-76,-75,-77,-77,-69,-69,-69,-71,-80,-91,4
-68,-63,-66,-86,-69,-63,-100,-86,-83,-83,-84,-80,-76,-77,-77,-84,-100,4
-61,-56,-67,-78,-69,-61,-94,-85,-83,-83,-87,-70,-70,-72,-70,-87,-100,4
-61,-56,-63,-78,-68,-58,-100,-84,-84,-85,-84,-69,-69,-69,-70,-86,-100,4
-65,-54,-60,-64,-61,-71,-78,-86,-84,-84,-86,-71,-70,-70,-69,-81,-93,4
-69,-66,-58,-80,-73,-62,-100,-79,-81,-79,-79,-71,-73,-73,-71,-100,-89,4
-72,-58,-62,-85,-69,-69,-88,-79,-78,-79,-80,-78,-78,-78,-79,-82,-91,4
-58,-69,-63,-78,-70,-73,-100,-82,-84,-84,-83,-71,-70,-70,-71,-100,-100,4
-70,-57,-66,-81,-66,-63,-100,-77,-77,-79,-77,-79,-76,-74,-79,-79,-87,4
-68,-63,-55,-71,-74,-69,-93,-78,-77,-77,-78,-70,-70,-69,-70,-82,-85,4
-63,-63,-47,-72,-59,-65,-100,-77,-81,-84,-72,-64,-65,-63,-63,-71,-88,4
-76,-66,-67,-82,-74,-73,-88,-84,-85,-84,-86,-91,-88,-83,-90,-100,-83,4
-67,-64,-65,-78,-65,-58,-87,-100,-100,-100,-100,-77,-78,-77,-78,-79,-88,4
-62,-66,-59,-86,-69,-62,-100,-87,-86,-86,-85,-80,-77,-76,-78,-84,-91,4
-74,-54,-68,-74,-72,-69,-91,-83,-82,-82,-82,-71,-71,-70,-71,-82,-86,4
-66,-64,-59,-78,-78,-71,-100,-79,-79,-82,-79,-75,-74,-74,-75,-79,-89,4
-75,-52,-65,-68,-62,-82,-84,-83,-83,-82,-80,-80,-82,-81,-79,-73,-88,4
-67,-59,-61,-63,-68,-67,-85,-79,-81,-80,-80,-78,-77,-77,-77,-100,-100,4
-62,-65,-56,-76,-82,-64,-100,-81,-78,-82,-78,-76,-75,-78,-74,-88,-100,4
-63,-52,-58,-79,-66,-67,-100,-75,-75,-75,-75,-75,-75,-75,-76,-80,-88,4
-60,-53,-60,-81,-68,-69,-91,-75,-75,-75,-75,-77,-73,-76,-77,-81,-88,4
-63,-57,-54,-76,-77,-60,-100,-79,-80,-80,-80,-77,-77,-78,-79,-85,-90,4
-70,-55,-58,-71,-57,-66,-100,-72,-71,-70,-73,-63,-63,-61,-62,-76,-85,4
-67,-62,-72,-85,-79,-66,-91,-80,-80,-84,-86,-74,-76,-79,-81,-82,-91,4
-67,-60,-65,-84,-72,-70,-100,-77,-76,-76,-77,-67,-71,-69,-70,-84,-91,4
-70,-55,-59,-73,-68,-70,-86,-80,-79,-79,-80,-68,-68,-68,-67,-80,-100,4
-72,-54,-66,-70,-65,-69,-86,-82,-82,-83,-80,-69,-69,-69,-71,-83,-93,4
-67,-48,-55,-71,-66,-66,-83,-81,-83,-80,-81,-72,-70,-72,-71,-85,-100,4
-61,-62,-60,-74,-58,-65,-83,-81,-81,-80,-80,-69,-70,-69,-71,-83,-92,4
-66,-61,-57,-77,-58,-65,-83,-85,-83,-87,-92,-82,-80,-83,-85,-84,-100,4
-57,-51,-58,-77,-80,-71,-100,-76,-78,-75,-76,-74,-72,-72,-74,-79,-87,4
-70,-56,-63,-72,-74,-67,-92,-80,-80,-80,-79,-75,-76,-76,-75,-81,-91,4
-73,-63,-59,-79,-60,-65,-88,-78,-79,-78,-79,-72,-72,-71,-69,-77,-82,4
-69,-61,-55,-73,-69,-57,-100,-100,-100,-78,-80,-68,-67,-66,-69,-100,-89,4
-72,-62,-59,-73,-64,-74,-88,-100,-100,-100,-100,-67,-67,-67,-69,-100,-100,4
-66,-60,-58,-67,-66,-72,-83,-76,-79,-76,-78,-68,-68,-68,-69,-100,-86,4
-75,-65,-55,-68,-63,-68,-83,-79,-79,-79,-79,-67,-67,-68,-68,-100,-88,4
-75,-56,-52,-68,-68,-77,-88,-71,-73,-72,-70,-68,-67,-67,-67,-80,-88,4
-72,-62,-52,-69,-65,-61,-86,-72,-73,-73,-73,-70,-71,-70,-70,-77,-85,4
-72,-61,-49,-70,-58,-81,-100,-67,-66,-66,-65,-68,-69,-69,-69,-73,-84,4
-70,-59,-49,-69,-58,-64,-100,-74,-81,-76,-77,-64,-65,-64,-65,-82,-88,4
-64,-59,-66,-74,-74,-68,-100,-84,-86,-84,-85,-73,-74,-74,-74,-81,-94,4
-64,-56,-72,-80,-74,-59,-100,-100,-91,-92,-100,-75,-76,-75,-76,-81,-93,4
-63,-71,-67,-75,-80,-72,-91,-82,-81,-79,-80,-78,-83,-78,-80,-88,-100,4
-66,-64,-65,-76,-68,-78,-91,-86,-89,-85,-88,-76,-76,-74,-81,-88,-100,4
-62,-62,-65,-81,-65,-68,-86,-83,-85,-100,-87,-72,-71,-71,-72,-83,-89,4
-63,-58,-57,-78,-64,-68,-86,-80,-78,-81,-83,-67,-67,-69,-68,-82,-92,4
-64,-64,-57,-75,-63,-75,-86,-85,-83,-79,-83,-67,-68,-68,-67,-77,-100,4
-66,-52,-54,-66,-57,-71,-87,-84,-100,-100,-82,-68,-68,-68,-68,-86,-87,4
-72,-71,-63,-71,-72,-58,-88,-100,-100,-100,-100,-76,-76,-76,-74,-84,-90,4
-65,-59,-54,-78,-77,-61,-100,-75,-75,-74,-74,-69,-69,-69,-68,-83,-88,4
-65,-63,-55,-74,-67,-69,-84,-77,-78,-77,-78,-71,-69,-70,-72,-73,-83,4
-68,-57,-55,-68,-66,-70,-86,-77,-76,-76,-75,-66,-65,-67,-66,-76,-100,4
-65,-63,-52,-64,-60,-71,-88,-83,-80,-85,-86,-72,-72,-73,-73,-83,-90,4
-65,-53,-69,-83,-75,-77,-100,-85,-83,-85,-83,-73,-73,-73,-74,-83,-95,4
-66,-54,-63,-82,-70,-61,-100,-85,-84,-84,-85,-70,-71,-70,-70,-81,-88,4
-65,-50,-55,-78,-62,-75,-100,-100,-100,-82,-83,-74,-76,-77,-74,-100,-87,4
-65,-69,-68,-72,-64,-64,-100,-80,-78,-78,-81,-76,-77,-76,-78,-85,-96,4
-65,-59,-57,-77,-72,-66,-100,-82,-80,-80,-81,-76,-75,-73,-77,-82,-100,4
-73,-66,-64,-72,-63,-71,-100,-80,-82,-80,-80,-73,-70,-71,-70,-74,-84,4
-80,-59,-58,-78,-66,-73,-100,-100,-100,-100,-100,-76,-74,-77,-76,-77,-88,4
-67,-58,-56,-100,-69,-74,-88,-82,-83,-81,-81,-74,-73,-75,-76,-74,-84,4
-69,-59,-50,-65,-59,-72,-86,-76,-80,-80,-77,-66,-63,-64,-64,-76,-89,4
-69,-69,-64,-72,-60,-82,-100,-74,-73,-74,-74,-68,-69,-70,-69,-72,-92,4
-77,-64,-60,-70,-60,-65,-86,-76,-76,-76,-76,-70,-70,-71,-71,-72,-100,4
-69,-70,-77,-74,-71,-78,-87,-90,-88,-88,-90,-81,-81,-80,-81,-87,-100,4
-61,-61,-65,-76,-71,-76,-100,-88,-90,-85,-85,-73,-74,-73,-74,-87,-92,4
-64,-65,-56,-76,-77,-73,-100,-86,-87,-87,-88,-79,-78,-79,-77,-83,-89,4
-72,-63,-67,-73,-65,-72,-100,-85,-88,-88,-87,-78,-78,-77,-77,-86,-92,4
-62,-64,-65,-71,-72,-63,-100,-85,-87,-85,-85,-77,-78,-79,-78,-85,-91,4
-63,-66,-64,-77,-70,-67,-100,-81,-82,-79,-81,-81,-75,-77,-75,-82,-100,4
-65,-63,-70,-77,-72,-72,-100,-82,-83,-82,-82,-77,-74,-77,-77,-82,-100,4
-61,-63,-66,-80,-69,-65,-88,-83,-83,-81,-80,-77,-77,-76,-79,-85,-100,4
-75,-60,-56,-70,-57,-62,-100,-74,-73,-72,-72,-72,-70,-66,-69,-77,-100,4
-66,-69,-71,-84,-69,-65,-100,-87,-88,-90,-86,-78,-79,-80,-79,-83,-100,4
-71,-57,-58,-67,-66,-62,-100,-80,-82,-81,-80,-72,-70,-70,-71,-78,-100,4
-68,-65,-56,-73,-76,-66,-100,-76,-76,-76,-77,-70,-72,-72,-72,-83,-100,4
-69,-56,-62,-77,-65,-71,-100,-77,-77,-77,-76,-76,-77,-76,-76,-100,-89,4
-76,-61,-69,-79,-73,-63,-100,-86,-86,-89,-83,-76,-76,-75,-76,-88,-98,4
-72,-53,-53,-69,-70,-80,-88,-82,-81,-81,-83,-73,-73,-72,-73,-79,-88,4
-69,-63,-62,-76,-68,-61,-100,-77,-77,-76,-76,-77,-76,-72,-77,-85,-95,4
-66,-74,-60,-78,-68,-75,-100,-72,-73,-76,-74,-67,-68,-66,-71,-79,-89,4
-72,-74,-63,-74,-77,-71,-100,-83,-83,-83,-84,-76,-76,-76,-76,-82,-100,4
-67,-55,-54,-75,-66,-73,-84,-85,-86,-84,-82,-73,-73,-74,-75,-85,-85,4
-59,-58,-61,-78,-63,-61,-100,-79,-80,-80,-80,-71,-69,-72,-71,-83,-93,4
-63,-67,-53,-83,-59,-64,-100,-73,-70,-75,-72,-81,-80,-77,-75,-77,-89,4
-74,-65,-62,-75,-73,-77,-85,-79,-81,-78,-80,-78,-75,-76,-75,-85,-100,4
-66,-56,-52,-71,-75,-70,-100,-100,-78,-79,-79,-71,-71,-72,-71,-80,-100,4
-67,-72,-58,-74,-70,-69,-100,-72,-72,-75,-73,-72,-71,-71,-72,-82,-100,4
-61,-69,-50,-80,-71,-72,-100,-77,-79,-72,-74,-74,-70,-71,-71,-79,-87,4
-75,-65,-63,-73,-71,-80,-100,-82,-82,-85,-81,-77,-77,-78,-78,-90,-94,4
-59,-67,-62,-80,-70,-63,-89,-80,-80,-79,-80,-70,-71,-71,-70,-83,-87,4
-71,-59,-51,-73,-58,-68,-100,-84,-82,-82,-87,-70,-71,-71,-70,-84,-86,4
-62,-60,-65,-82,-64,-61,-100,-71,-72,-70,-72,-76,-77,-76,-76,-82,-87,4
-69,-59,-51,-70,-62,-74,-87,-75,-77,-74,-74,-80,-80,-80,-80,-73,-100,4
-61,-65,-67,-84,-73,-63,-100,-85,-81,-100,-82,-86,-82,-78,-83,-85,-91,4
-74,-60,-54,-73,-63,-76,-82,-79,-80,-79,-80,-71,-70,-70,-70,-78,-85,4
-66,-61,-62,-80,-82,-69,-93,-82,-81,-100,-100,-76,-76,-76,-76,-81,-100,4
-69,-58,-57,-68,-57,-72,-100,-75,-77,-77,-76,-80,-80,-78,-80,-76,-85,4
-72,-58,-66,-75,-72,-77,-93,-80,-79,-81,-81,-70,-70,-69,-69,-81,-100,4
-67,-57,-58,-74,-68,-71,-88,-85,-83,-86,-85,-80,-80,-77,-79,-83,-89,4
-64,-60,-59,-80,-73,-69,-87,-87,-87,-87,-86,-77,-76,-77,-77,-83,-90,4
-62,-57,-59,-73,-76,-66,-80,-79,-78,-78,-79,-73,-75,-72,-75,-80,-92,4
-68,-68,-63,-88,-74,-70,-100,-75,-73,-74,-76,-73,-75,-76,-75,-82,-85,4
-80,-63,-51,-67,-71,-70,-89,-80,-82,-82,-77,-61,-62,-60,-61,-74,-88,4
-64,-65,-67,-77,-65,-66,-100,-83,-84,-84,-86,-84,-81,-85,-80,-86,-92,4
-79,-57,-59,-71,-64,-66,-83,-79,-84,-84,-83,-70,-71,-69,-69,-87,-100,4
-70,-71,-55,-77,-83,-65,-100,-78,-78,-78,-78,-71,-73,-72,-72,-84,-86,4
-71,-66,-59,-85,-70,-66,-90,-88,-88,-89,-89,-80,-80,-81,-80,-87,-100,4
-62,-59,-66,-69,-66,-61,-100,-86,-88,-87,-88,-77,-77,-77,-77,-84,-91,4
-74,-62,-65,-69,-73,-59,-89,-90,-100,-100,-91,-83,-83,-83,-83,-83,-89,4
-65,-60,-62,-70,-70,-61,-100,-100,-100,-100,-100,-77,-76,-77,-76,-85,-100,4
-64,-50,-63,-70,-61,-75,-88,-84,-85,-84,-87,-83,-86,-81,-82,-81,-91,4
-81,-63,-55,-70,-70,-64,-91,-79,-79,-79,-79,-69,-70,-69,-70,-80,-84,4
-76,-66,-54,-69,-67,-64,-100,-79,-79,-79,-80,-68,-69,-68,-69,-81,-83,4
-78,-63,-54,-68,-65,-75,-89,-82,-82,-83,-82,-69,-69,-70,-67,-82,-100,4
-61,-61,-59,-75,-72,-68,-90,-80,-81,-83,-100,-70,-71,-70,-70,-79,-88,4
-67,-59,-60,-69,-55,-73,-91,-77,-76,-70,-76,-76,-75,-75,-76,-80,-86,4
-68,-55,-54,-72,-73,-67,-100,-74,-74,-73,-74,-72,-72,-72,-72,-82,-91,4
-73,-71,-63,-73,-65,-74,-100,-85,-86,-85,-86,-84,-86,-87,-85,-100,-94,4
-63,-54,-65,-74,-67,-70,-89,-100,-83,-100,-83,-80,-79,-80,-78,-83,-85,4
-70,-69,-50,-79,-73,-68,-100,-78,-78,-77,-78,-65,-65,-64,-64,-80,-100,4
-71,-69,-61,-76,-80,-72,-93,-78,-76,-77,-76,-72,-73,-74,-71,-81,-95,4
-72,-69,-54,-78,-79,-72,-92,-77,-78,-76,-77,-74,-73,-72,-74,-79,-100,4
-72,-69,-58,-76,-80,-79,-100,-100,-77,-71,-78,-75,-73,-73,-75,-79,-100,4
-73,-68,-56,-77,-79,-78,-100,-78,-77,-77,-77,-73,-74,-72,-73,-79,-94,4
-74,-73,-56,-74,-73,-70,-92,-76,-78,-74,-74,-71,-71,-72,-72,-78,-92,4
-73,-70,-63,-77,-88,-69,-100,-76,-80,-78,-77,-75,-75,-74,-73,-79,-93,4
-83,-74,-58,-82,-78,-79,-91,-69,-69,-71,-68,-65,-66,-65,-66,-73,-100,4
-61,-68,-64,-82,-62,-65,-83,-100,-88,-88,-88,-80,-81,-81,-81,-84,-100,4
-65,-55,-64,-75,-63,-68,-85,-85,-88,-92,-83,-81,-85,-84,-80,-83,-93,4
-65,-66,-55,-75,-78,-66,-91,-85,-100,-100,-84,-70,-70,-72,-71,-85,-92,4
-71,-71,-55,-78,-81,-65,-89,-78,-77,-77,-77,-68,-70,-71,-71,-86,-89,4
-70,-60,-56,-84,-74,-69,-90,-76,-78,-76,-78,-70,-71,-70,-70,-77,-86,4
-74,-69,-60,-82,-66,-64,-100,-70,-73,-69,-73,-75,-75,-74,-74,-74,-85,4
-73,-78,-59,-86,-75,-68,-90,-72,-70,-71,-70,-77,-73,-75,-74,-81,-86,4
-69,-73,-51,-72,-67,-85,-100,-77,-75,-71,-78,-72,-72,-69,-72,-77,-89,4
-65,-53,-59,-69,-64,-70,-89,-88,-89,-91,-88,-82,-84,-82,-82,-83,-100,4
-62,-61,-59,-68,-73,-69,-83,-89,-88,-89,-89,-76,-76,-76,-77,-100,-89,4
-62,-58,-56,-71,-81,-65,-88,-100,-100,-92,-92,-76,-76,-76,-76,-82,-100,4
-62,-52,-56,-69,-73,-71,-85,-100,-100,-100,-100,-74,-73,-75,-76,-86,-91,4
-65,-56,-55,-68,-74,-66,-88,-89,-90,-89,-90,-75,-76,-76,-77,-87,-100,4
-60,-54,-59,-69,-73,-68,-87,-100,-100,-100,-100,-75,-77,-76,-75,-85,-100,4
-54,-55,-57,-71,-69,-64,-83,-100,-100,-100,-100,-72,-73,-72,-73,-86,-100,4
-66,-50,-56,-71,-71,-74,-100,-84,-84,-84,-100,-100,-81,-79,-82,-100,-100,4
-65,-56,-54,-72,-72,-64,-87,-100,-100,-100,-100,-75,-75,-74,-75,-87,-100,4
-75,-59,-56,-75,-71,-68,-92,-88,-87,-90,-87,-75,-74,-75,-75,-82,-100,4
-71,-57,-63,-75,-67,-68,-92,-83,-81,-81,-80,-72,-73,-71,-72,-100,-100,4
-70,-60,-65,-66,-73,-64,-91,-84,-83,-84,-84,-81,-79,-82,-81,-100,-100,4
-62,-56,-71,-78,-64,-65,-100,-89,-87,-87,-87,-83,-83,-84,-83,-84,-100,4
-69,-55,-63,-76,-75,-73,-93,-77,-77,-78,-77,-70,-72,-71,-73,-82,-92,4
-64,-64,-59,-79,-71,-81,-92,-81,-81,-82,-82,-80,-80,-81,-81,-100,-100,4
-66,-62,-57,-70,-70,-74,-88,-80,-82,-78,-80,-74,-73,-72,-73,-100,-100,4
-68,-64,-59,-73,-69,-75,-94,-82,-83,-83,-82,-75,-76,-75,-76,-84,-94,4
-71,-61,-57,-76,-69,-73,-100,-83,-84,-84,-84,-78,-76,-76,-77,-100,-94,4
-77,-62,-58,-100,-79,-72,-100,-83,-82,-84,-83,-74,-74,-73,-74,-84,-92,4
-79,-62,-56,-100,-79,-70,-100,-83,-100,-83,-84,-75,-73,-73,-74,-83,-92,4
-73,-60,-69,-88,-76,-79,-100,-100,-100,-100,-100,-73,-74,-74,-74,-86,-100,4
-74,-57,-57,-83,-76,-67,-100,-87,-88,-85,-87,-75,-75,-74,-74,-85,-85,4
-71,-60,-63,-82,-72,-66,-100,-72,-72,-72,-71,-71,-73,-70,-68,-81,-87,4
-69,-68,-63,-100,-68,-57,-100,-78,-78,-78,-79,-70,-70,-70,-70,-76,-85,4
-67,-59,-59,-83,-76,-65,-90,-82,-81,-82,-81,-69,-68,-68,-70,-77,-90,4
-69,-71,-64,-84,-66,-63,-89,-78,-77,-78,-77,-74,-73,-72,-74,-75,-89,4
-64,-68,-56,-79,-66,-55,-89,-79,-78,-79,-79,-73,-73,-80,-73,-75,-90,4
-59,-76,-63,-77,-71,-68,-86,-85,-82,-83,-84,-80,-81,-84,-81,-77,-89,4
-63,-69,-60,-76,-68,-69,-86,-85,-84,-84,-85,-84,-84,-83,-85,-77,-91,4
-62,-70,-63,-74,-68,-70,-87,-83,-84,-83,-84,-87,-87,-85,-84,-78,-89,4
-62,-69,-63,-74,-68,-68,-100,-83,-84,-80,-83,-86,-83,-88,-86,-77,-87,4
-62,-69,-68,-75,-69,-71,-86,-82,-82,-82,-82,-82,-82,-82,-82,-77,-88,4
-63,-68,-62,-76,-68,-73,-88,-83,-82,-83,-82,-87,-86,-85,-86,-76,-84,4
-68,-69,-63,-75,-68,-75,-86,-84,-81,-82,-82,-85,-87,-88,-88,-75,-88,4
-63,-70,-68,-74,-69,-74,-87,-83,-81,-83,-82,-88,-100,-88,-100,-76,-88,4
-63,-69,-61,-75,-68,-66,-84,-82,-82,-84,-83,-81,-82,-81,-83,-76,-89,4
-63,-70,-68,-71,-69,-78,-86,-83,-78,-82,-83,-83,-82,-83,-85,-77,-86,4
-62,-69,-62,-75,-69,-87,-87,-83,-82,-82,-81,-85,-89,-91,-87,-77,-88,4
-63,-69,-62,-74,-69,-72,-87,-82,-82,-81,-87,-85,-86,-85,-87,-78,-87,4
-62,-69,-62,-74,-68,-74,-85,-83,-83,-83,-83,-87,-83,-85,-85,-76,-88,4
-63,-69,-68,-76,-68,-74,-88,-83,-84,-83,-84,-87,-88,-87,-87,-76,-89,4
-63,-69,-69,-74,-69,-69,-87,-83,-85,-81,-83,-86,-86,-87,-86,-76,-87,4
-64,-69,-61,-75,-68,-70,-87,-83,-83,-83,-83,-100,-100,-100,-100,-76,-88,4
-62,-69,-63,-75,-69,-68,-87,-83,-84,-86,-85,-100,-100,-100,-100,-77,-85,4
-63,-70,-63,-75,-68,-70,-87,-85,-85,-82,-83,-85,-100,-100,-100,-72,-84,4
-63,-69,-63,-74,-68,-69,-86,-83,-84,-85,-100,-100,-89,-100,-100,-76,-87,4
-62,-68,-70,-75,-72,-75,-86,-83,-85,-82,-84,-85,-87,-86,-100,-76,-87,4
-64,-67,-63,-75,-67,-72,-88,-84,-83,-83,-81,-88,-88,-89,-88,-74,-87,4
-63,-51,-63,-74,-69,-67,-87,-84,-84,-84,-83,-85,-85,-85,-89,-76,-84,4
-63,-54,-63,-75,-69,-76,-88,-81,-84,-83,-83,-85,-85,-85,-85,-76,-87,4
-63,-53,-64,-75,-68,-76,-88,-83,-84,-84,-83,-86,-85,-84,-86,-71,-90,4
-68,-63,-61,-77,-71,-79,-100,-80,-81,-80,-82,-82,-80,-81,-82,-86,-100,4
-75,-58,-64,-79,-68,-75,-88,-82,-83,-82,-83,-80,-76,-80,-78,-80,-93,4
-80,-63,-62,-77,-72,-76,-88,-83,-85,-82,-84,-100,-81,-80,-79,-79,-91,4
-78,-58,-59,-80,-66,-74,-93,-83,-82,-85,-84,-76,-75,-78,-76,-76,-88,4
-64,-55,-59,-74,-65,-68,-90,-83,-84,-84,-83,-77,-76,-76,-75,-75,-89,4
-65,-52,-54,-81,-64,-70,-100,-80,-85,-83,-85,-75,-75,-75,-73,-100,-100,4
-69,-54,-54,-73,-64,-61,-89,-100,-100,-82,-100,-70,-69,-69,-69,-80,-100,4
-65,-66,-52,-71,-68,-77,-84,-80,-82,-81,-81,-72,-72,-71,-73,-83,-93,4
-74,-53,-56,-77,-63,-66,-86,-80,-80,-80,-86,-78,-79,-79,-77,-83,-88,4
-68,-63,-58,-67,-63,-69,-81,-81,-81,-80,-82,-69,-69,-69,-69,-85,-100,4
-68,-66,-54,-67,-67,-63,-82,-81,-81,-82,-82,-68,-71,-68,-68,-81,-91,4
-67,-63,-55,-66,-64,-65,-80,-79,-79,-79,-80,-70,-70,-69,-68,-78,-92,4
-70,-59,-61,-64,-70,-71,-83,-76,-76,-75,-75,-71,-72,-71,-71,-77,-91,4
-69,-61,-51,-69,-65,-62,-83,-77,-77,-77,-74,-71,-71,-71,-71,-82,-91,4
-62,-65,-58,-80,-63,-63,-84,-74,-76,-74,-74,-76,-77,-77,-76,-81,-92,4
-65,-63,-53,-71,-70,-60,-82,-73,-77,-72,-75,-75,-75,-75,-75,-83,-100,4
-67,-63,-54,-71,-72,-61,-83,-76,-76,-75,-76,-71,-73,-72,-70,-84,-100,4
-70,-65,-59,-75,-73,-62,-88,-84,-85,-84,-84,-69,-69,-68,-72,-78,-100,4
-74,-71,-57,-76,-60,-71,-88,-85,-84,-86,-84,-68,-68,-68,-67,-77,-100,4
-79,-77,-55,-71,-65,-69,-84,-87,-100,-85,-85,-77,-76,-78,-80,-79,-100,4
-71,-65,-58,-71,-72,-67,-92,-100,-100,-89,-88,-89,-89,-88,-89,-89,-91,4
-68,-65,-67,-72,-86,-68,-92,-100,-100,-100,-100,-88,-86,-86,-86,-89,-95,4
-62,-59,-69,-74,-69,-73,-91,-87,-87,-87,-87,-77,-77,-76,-76,-86,-100,4
-82,-52,-52,-73,-62,-63,-83,-79,-82,-81,-81,-81,-82,-82,-81,-88,-100,4
-76,-50,-64,-79,-61,-69,-84,-76,-76,-76,-77,-76,-76,-75,-75,-86,-92,4
-79,-50,-66,-71,-68,-67,-93,-81,-87,-100,-83,-76,-77,-76,-76,-87,-91,4
-62,-73,-60,-81,-78,-79,-100,-73,-72,-70,-72,-64,-69,-63,-63,-68,-84,4
-69,-68,-59,-74,-80,-64,-89,-86,-89,-88,-91,-79,-82,-82,-79,-100,-94,4
-79,-47,-57,-68,-64,-65,-87,-84,-83,-84,-82,-70,-70,-74,-71,-89,-86,4
-71,-53,-58,-82,-68,-71,-100,-88,-88,-86,-88,-75,-76,-74,-75,-85,-100,4
-71,-54,-70,-84,-74,-70,-100,-88,-86,-87,-88,-71,-71,-71,-73,-81,-100,4
-63,-52,-64,-87,-75,-59,-100,-83,-80,-85,-84,-74,-73,-76,-72,-86,-88,4
-69,-63,-61,-84,-77,-72,-95,-84,-83,-100,-82,-67,-69,-68,-67,-81,-92,4
-73,-65,-57,-83,-80,-70,-100,-83,-83,-82,-82,-66,-68,-68,-68,-81,-91,4
-83,-71,-59,-84,-72,-67,-100,-82,-82,-81,-81,-69,-69,-67,-70,-100,-100,4
-75,-62,-54,-80,-70,-70,-100,-72,-69,-74,-72,-63,-62,-62,-61,-100,-86,4
-65,-55,-60,-81,-70,-73,-100,-71,-68,-70,-71,-76,-77,-100,-74,-73,-86,4
-77,-64,-59,-84,-70,-62,-94,-85,-87,-87,-84,-84,-83,-83,-83,-87,-100,4
-69,-69,-65,-83,-70,-64,-92,-90,-92,-90,-91,-86,-85,-86,-84,-89,-100,4
-66,-61,-56,-74,-59,-66,-89,-81,-79,-100,-79,-72,-74,-73,-74,-79,-100,4
-68,-58,-56,-79,-57,-72,-87,-80,-80,-80,-80,-74,-74,-74,-72,-79,-95,4
-68,-57,-54,-80,-58,-77,-89,-82,-100,-79,-80,-74,-73,-74,-73,-79,-94,4
-70,-60,-60,-81,-57,-81,-88,-82,-80,-79,-81,-73,-73,-73,-74,-79,-92,4
-68,-57,-59,-81,-56,-65,-87,-80,-81,-82,-81,-74,-73,-75,-73,-79,-91,4
-68,-58,-55,-80,-57,-78,-90,-82,-80,-82,-82,-74,-74,-70,-71,-78,-94,4
-68,-56,-56,-80,-57,-69,-100,-80,-80,-80,-82,-76,-73,-73,-75,-79,-100,4
-67,-56,-56,-79,-57,-74,-100,-80,-81,-80,-81,-74,-74,-73,-75,-76,-93,4
-68,-56,-61,-81,-57,-67,-90,-80,-80,-82,-80,-75,-75,-75,-75,-80,-94,4
-77,-51,-62,-81,-63,-60,-100,-100,-90,-88,-91,-79,-82,-80,-80,-85,-100,4
-80,-54,-65,-89,-76,-60,-100,-87,-86,-87,-84,-77,-78,-78,-78,-83,-100,4
-73,-56,-65,-100,-79,-61,-100,-85,-84,-84,-85,-78,-78,-79,-78,-85,-100,4
-78,-51,-65,-81,-74,-63,-100,-100,-100,-100,-100,-76,-76,-76,-76,-100,-100,4
-62,-65,-63,-80,-69,-68,-100,-85,-81,-81,-81,-72,-72,-74,-74,-86,-100,4
-72,-68,-62,-88,-69,-60,-100,-85,-85,-85,-85,-71,-70,-74,-71,-89,-100,4
-76,-66,-63,-84,-71,-59,-100,-85,-85,-86,-85,-74,-71,-72,-72,-91,-100,4
-75,-62,-65,-86,-69,-60,-100,-84,-84,-83,-83,-73,-71,-71,-71,-89,-100,4
-70,-65,-59,-83,-73,-59,-100,-84,-86,-86,-85,-72,-72,-73,-71,-100,-100,4
-72,-65,-59,-85,-72,-62,-100,-83,-83,-83,-83,-72,-73,-72,-73,-100,-100,4
-73,-64,-65,-79,-69,-59,-93,-86,-87,-88,-87,-77,-81,-77,-79,-88,-100,4
-72,-69,-67,-82,-72,-60,-100,-87,-83,-86,-84,-73,-72,-72,-72,-86,-100,4
-78,-62,-69,-85,-74,-59,-88,-100,-83,-82,-83,-72,-75,-72,-72,-85,-100,4
-77,-63,-65,-84,-77,-59,-87,-83,-81,-84,-81,-72,-72,-71,-71,-87,-100,4
-75,-67,-63,-83,-72,-59,-100,-83,-84,-84,-84,-71,-73,-72,-72,-88,-91,4
-69,-73,-61,-75,-62,-68,-80,-81,-80,-81,-81,-77,-75,-75,-75,-85,-100,4
-61,-58,-69,-79,-71,-70,-87,-81,-86,-88,-87,-83,-85,-83,-83,-89,-92,4
-68,-58,-66,-77,-70,-57,-89,-85,-86,-82,-83,-78,-80,-79,-79,-86,-100,4
-69,-59,-62,-86,-76,-69,-100,-90,-86,-86,-85,-78,-79,-82,-80,-85,-100,4
-68,-52,-62,-87,-80,-72,-100,-86,-88,-86,-88,-83,-85,-84,-85,-85,-100,4
-67,-53,-67,-78,-71,-67,-93,-86,-86,-85,-87,-77,-83,-83,-81,-83,-91,4
-68,-55,-61,-79,-69,-62,-93,-85,-85,-85,-86,-77,-76,-76,-75,-85,-100,4
-69,-55,-65,-80,-81,-61,-100,-86,-85,-86,-86,-85,-86,-82,-84,-89,-100,4
-69,-53,-65,-80,-69,-59,-100,-87,-88,-87,-88,-81,-81,-79,-80,-86,-100,4
-69,-53,-70,-83,-70,-63,-100,-84,-82,-82,-81,-83,-81,-83,-83,-84,-100,4
-70,-50,-48,-79,-71,-64,-90,-82,-82,-100,-82,-71,-72,-71,-71,-83,-90,4
-72,-49,-59,-76,-69,-68,-91,-81,-79,-80,-81,-74,-75,-72,-74,-100,-100,4
-74,-51,-60,-81,-66,-78,-92,-80,-81,-80,-79,-77,-77,-77,-77,-85,-100,4
-71,-55,-60,-79,-68,-72,-89,-78,-78,-79,-79,-73,-74,-74,-74,-87,-90,4
-70,-52,-57,-82,-73,-66,-88,-80,-81,-80,-79,-76,-75,-78,-76,-84,-91,4
-70,-52,-60,-80,-72,-68,-92,-81,-79,-78,-80,-75,-75,-76,-76,-87,-91,4
-67,-49,-63,-79,-73,-77,-100,-83,-83,-84,-81,-75,-75,-76,-74,-83,-100,4
-72,-53,-59,-89,-75,-71,-100,-82,-83,-83,-82,-76,-76,-76,-76,-100,-100,4
-65,-50,-60,-89,-74,-67,-100,-84,-83,-82,-83,-77,-77,-77,-77,-100,-100,4
-65,-67,-61,-85,-70,-67,-100,-83,-84,-84,-85,-75,-75,-75,-75,-84,-100,4
-64,-55,-59,-80,-70,-68,-100,-83,-84,-84,-84,-78,-75,-77,-76,-100,-100,4
-71,-65,-69,-80,-66,-62,-100,-79,-79,-77,-78,-74,-75,-77,-77,-100,-100,4
-69,-53,-59,-89,-68,-64,-100,-78,-79,-80,-79,-79,-77,-80,-79,-89,-93,4
-70,-57,-65,-85,-68,-69,-93,-100,-81,-81,-81,-80,-82,-82,-80,-87,-100,4
-66,-65,-63,-88,-71,-66,-91,-85,-83,-84,-85,-77,-78,-77,-77,-87,-100,4
-84,-55,-60,-83,-69,-64,-100,-100,-82,-82,-80,-78,-79,-79,-79,-86,-100,4
-86,-55,-61,-90,-74,-63,-100,-79,-79,-79,-79,-75,-79,-79,-74,-88,-100,4
-83,-49,-69,-100,-68,-64,-91,-79,-80,-80,-80,-78,-77,-78,-77,-89,-100,4
-84,-54,-67,-81,-69,-66,-89,-82,-85,-84,-82,-80,-81,-81,-83,-85,-89,4
-62,-59,-48,-72,-68,-66,-89,-78,-79,-81,-77,-72,-75,-75,-76,-79,-100,4
-66,-56,-56,-67,-60,-67,-83,-77,-75,-77,-76,-74,-76,-77,-76,-83,-91,4
-66,-57,-56,-78,-65,-71,-85,-72,-73,-72,-72,-66,-66,-66,-67,-75,-100,4
-72,-56,-58,-71,-58,-69,-100,-79,-79,-76,-77,-74,-74,-73,-73,-83,-100,4
-67,-52,-66,-78,-57,-78,-91,-76,-77,-77,-76,-72,-73,-72,-72,-82,-89,4
-70,-71,-53,-67,-59,-73,-88,-83,-83,-83,-79,-100,-72,-75,-78,-87,-91,4
-78,-78,-57,-78,-73,-61,-100,-75,-73,-72,-72,-79,-77,-76,-77,-77,-79,4
-76,-77,-56,-80,-74,-64,-100,-76,-75,-77,-78,-63,-62,-63,-63,-74,-100,4
-62,-64,-63,-72,-62,-69,-86,-83,-85,-84,-85,-83,-84,-82,-83,-89,-100,4
-69,-60,-71,-68,-62,-75,-91,-100,-100,-100,-100,-84,-83,-83,-100,-85,-100,4
-65,-60,-63,-69,-64,-63,-83,-100,-100,-100,-100,-80,-79,-80,-100,-82,-100,4
-68,-58,-62,-70,-77,-65,-88,-82,-82,-81,-81,-77,-76,-100,-76,-88,-91,4
-64,-59,-66,-62,-64,-71,-85,-83,-80,-100,-81,-72,-72,-73,-72,-92,-100,4
-68,-65,-60,-68,-61,-63,-86,-81,-82,-81,-81,-73,-73,-73,-74,-82,-91,4
-67,-61,-67,-67,-67,-63,-87,-83,-83,-82,-81,-72,-71,-73,-72,-80,-88,4
-65,-67,-63,-71,-61,-66,-86,-81,-100,-81,-83,-71,-71,-74,-70,-80,-90,4
-68,-62,-65,-65,-64,-65,-87,-83,-85,-79,-83,-76,-79,-78,-80,-79,-90,4
-67,-70,-67,-60,-63,-68,-85,-90,-91,-100,-100,-75,-76,-76,-75,-89,-94,4
-68,-61,-71,-62,-67,-74,-88,-85,-85,-84,-85,-77,-76,-76,-76,-89,-100,4
-69,-67,-68,-62,-69,-66,-89,-85,-85,-85,-85,-77,-79,-79,-78,-86,-96,4
-69,-67,-61,-66,-67,-79,-90,-84,-85,-84,-84,-83,-78,-78,-77,-100,-100,4
-66,-56,-61,-61,-65,-78,-86,-88,-88,-88,-87,-78,-75,-76,-76,-84,-100,4
-76,-54,-62,-81,-72,-59,-90,-88,-100,-100,-88,-69,-68,-68,-68,-84,-100,4
-74,-51,-60,-77,-72,-66,-100,-88,-88,-89,-88,-69,-72,-69,-69,-83,-100,4
-71,-51,-59,-82,-67,-59,-94,-87,-87,-100,-88,-70,-71,-70,-70,-83,-100,4
-73,-51,-61,-76,-64,-65,-100,-86,-86,-86,-86,-73,-71,-70,-72,-82,-100,4
-76,-50,-61,-81,-66,-69,-93,-100,-100,-100,-100,-70,-68,-69,-69,-83,-100,4
-70,-50,-61,-79,-64,-60,-92,-87,-89,-88,-89,-71,-72,-72,-71,-83,-86,4
-74,-52,-61,-78,-70,-57,-92,-88,-89,-88,-90,-71,-70,-71,-71,-79,-89,4
-72,-51,-61,-74,-77,-65,-93,-100,-100,-100,-100,-70,-71,-70,-71,-82,-100,4
-75,-58,-63,-82,-77,-68,-92,-78,-78,-79,-78,-67,-67,-67,-68,-84,-100,4
-77,-53,-60,-75,-66,-60,-89,-76,-76,-76,-76,-69,-70,-69,-72,-81,-90,4
-64,-73,-63,-75,-64,-69,-100,-82,-82,-82,-82,-74,-74,-73,-71,-100,-95,4
-71,-63,-64,-81,-65,-66,-100,-100,-100,-100,-100,-71,-72,-71,-71,-83,-93,4
-64,-58,-56,-74,-77,-70,-90,-76,-74,-74,-73,-71,-69,-71,-71,-79,-100,4
-79,-80,-62,-78,-76,-68,-100,-75,-73,-75,-73,-79,-77,-79,-78,-79,-92,4
-79,-80,-65,-82,-77,-67,-100,-74,-78,-74,-75,-82,-80,-80,-81,-77,-94,4
-78,-81,-69,-81,-77,-68,-100,-72,-74,-75,-75,-78,-78,-79,-79,-78,-90,4
-79,-81,-66,-81,-78,-72,-100,-75,-74,-74,-72,-79,-79,-77,-79,-76,-92,4
-78,-81,-68,-82,-77,-68,-100,-75,-74,-73,-75,-77,-78,-77,-78,-77,-90,4
-78,-86,-58,-77,-76,-72,-100,-75,-75,-76,-74,-76,-77,-76,-78,-79,-92,4
-71,-57,-54,-74,-62,-66,-82,-80,-79,-77,-79,-79,-79,-77,-76,-83,-92,4
-69,-70,-66,-68,-72,-64,-86,-90,-87,-89,-90,-83,-81,-81,-80,-85,-100,4
-64,-65,-70,-72,-100,-68,-82,-86,-86,-88,-87,-83,-100,-100,-100,-89,-100,4
-66,-63,-69,-71,-72,-75,-80,-100,-90,-91,-92,-83,-81,-80,-83,-84,-100,4
-69,-66,-69,-70,-74,-73,-84,-89,-91,-90,-89,-100,-83,-100,-100,-89,-89,4
