ID,Abyusif,abram Gad,STUDBME2,BMES_Secrelary,ESP32_One,Saeed,Sbme-Staff,CMP LAB1,CMP LAB2,CMP LAB3,CMP LAB4,CMP_LAB1,CMP_LAB2,CMP_LAB3,CMP_LAB4,Lab-admin,RehabLab,label
0,-65.0,-57.0,-59,-70,-68,-66.0,-87,-100,-100,-100,-100,-100,-100,-100,-100,-84,-100,6
1,-69.0,-58.0,-63,-74,-72,-61.0,-87,-78,-100,-100,-77,-100,-100,-100,-100,-100,-100,6
2,-73.0,-58.0,-73,-86,-85,-55.0,-100,-100,-100,-100,-100,-100,-100,-100,-100,-100,-100,6
3,-68.0,-66.0,-67,-79,-76,-52.0,-100,-86,-100,-100,-100,-80,-80,-78,-79,-100,-100,6
4,-75.0,-63.0,-68,-84,-80,-70.0,-100,-79,-100,-100,-100,-81,-76,-100,-100,-100,-100,6
5,-76.0,-71.81330472103004,-67,-82,-78,-54.0,-100,-100,-100,-100,-100,-100,-100,-100,-100,-80,-100,6
6,-72.0,-76.0,-100,-100,-88,-38.0,-100,-100,-100,-100,-100,-100,-100,-100,-100,-100,-100,6
7,-76.0,-73.0,-76,-100,-100,-38.0,-100,-100,-100,-100,-100,-100,-100,-100,-100,-100,-100,6
8,-81.0,-81.0,-74,-83,-82,-31.0,-100,-100,-100,-100,-100,-100,-100,-100,-100,-100,-100,6
9,-71.0,-75.0,-74,-84,-82,-50.0,-100,-100,-100,-100,-100,-100,-100,-100,-100,-100,-100,6
10,-75.0,-75.0,-80,-100,-90,-47.0,-100,-100,-100,-100,-100,-100,-100,-100,-100,-100,-100,6
11,-66.0,-73.0,-73,-100,-86,-55.0,-100,-100,-100,-100,-100,-100,-100,-100,-100,-100,-100,6
12,-65.0,-72.0,-75,-85,-81,-63.0,-100,-100,-100,-100,-100,-100,-100,-100,-100,-100,-100,6
13,-69.0,-71.0,-75,-100,-85,-59.0,-100,-100,-100,-100,-100,-100,-100,-100,-100,-100,-100,6
14,-71.0,-75.0,-76,-100,-100,-51.0,-100,-100,-100,-100,-100,-100,-100,-100,-100,-100,-100,6
15,-65.0,-74.0,-81,-100,-80,-63.0,-100,-100,-100,-100,-100,-100,-100,-100,-100,-100,-100,6
16,-66.0,-71.81330472103004,-83,-100,-80,-61.0,-100,-100,-100,-100,-100,-100,-100,-100,-100,-100,-100,6
17,-67.0,-77.0,-72,-100,-84,-59.0,-100,-100,-88,-100,-87,-100,-87,-89,-100,-100,-100,6
18,-69.0,-75.0,-75,-100,-80,-58.0,-100,-100,-100,-100,-100,-100,-85,-100,-100,-100,-100,6
19,-76.0,-67.0,-69,-100,-82,-50.0,-100,-100,-100,-100,-100,-100,-100,-100,-100,-100,-100,6
20,-82.0,-78.0,-65,-83,-76,-56.0,-100,-100,-84,-100,-88,-80,-83,-81,-79,-84,-100,6
21,-70.0,-71.81330472103004,-69,-100,-85,-45.0,-100,-100,-100,-100,-100,-100,-100,-100,-100,-100,-100,6
22,-76.0,-71.81330472103004,-100,-100,-84,-57.0,-100,-100,-100,-100,-100,-100,-100,-87,-100,-100,-100,6
23,-74.0,-83.0,-74,-100,-82,-54.0,-100,-100,-100,-100,-100,-100,-86,-100,-84,-100,-100,6
24,-62.0,-72.0,-72,-82,-79,-42.0,-100,-100,-100,-100,-100,-100,-100,-100,-100,-100,-100,6
25,-75.0,-71.0,-79,-85,-85,-50.0,-100,-100,-100,-100,-100,-83,-81,-86,-100,-100,-100,6
26,-69.0,-79.0,-74,-100,-84,-56.0,-100,-100,-100,-100,-100,-100,-100,-100,-100,-100,-100,6
27,-72.0,-70.0,-77,-85,-83,-52.0,-100,-100,-100,-100,-100,-100,-86,-86,-100,-100,-100,6
28,-65.0,-69.0,-72,-82,-86,-53.0,-100,-100,-100,-100,-100,-100,-100,-100,-85,-100,-100,6
29,-77.0,-70.0,-73,-100,-74,-53.0,-100,-100,-85,-83,-100,-100,-100,-100,-82,-100,-100,6
30,-74.0,-72.0,-71,-80,-70,-57.0,-100,-100,-100,-100,-100,-100,-100,-79,-100,-100,-100,6
31,-69.0,-69.0,-72,-100,-79,-51.0,-100,-100,-100,-100,-100,-100,-100,-100,-100,-100,-100,6
32,-72.0,-71.0,-69,-79,-82,-57.0,-100,-100,-100,-100,-100,-100,-100,-100,-100,-100,-100,6
33,-76.0,-77.0,-80,-100,-86,-49.0,-100,-100,-100,-100,-100,-100,-100,-100,-100,-100,-100,6
34,-70.0,-74.0,-76,-100,-80,-51.0,-100,-100,-100,-100,-100,-100,-100,-100,-100,-100,-100,6
35,-74.0,-71.81330472103004,-75,-100,-85,-54.0,-100,-100,-100,-100,-100,-100,-100,-100,-100,-100,-100,6
36,-71.0,-78.0,-100,-100,-80,-50.0,-100,-100,-100,-100,-100,-100,-100,-100,-100,-100,-100,6
37,-63.0,-75.0,-70,-100,-83,-62.0,-100,-100,-100,-100,-100,-100,-100,-100,-100,-100,-100,6
38,-84.0,-61.0,-73,-87,-86,-52.0,-100,-86,-85,-100,-100,-100,-86,-100,-100,-100,-100,6
39,-71.0,-74.0,-70,-83,-77,-52.0,-100,-100,-100,-100,-100,-100,-100,-100,-100,-100,-100,6
40,-66.0,-68.0,-68,-100,-79,-61.0,-100,-100,-100,-100,-100,-100,-100,-100,-100,-100,-100,6
41,-78.0,-67.0,-67,-100,-72,-58.0,-100,-100,-100,-81,-100,-81,-100,-100,-100,-100,-100,6
42,-75.0,-62.0,-65,-100,-79,-54.0,-100,-100,-100,-100,-100,-100,-100,-100,-100,-100,-100,6
43,-72.0,-72.0,-70,-100,-81,-55.0,-100,-100,-100,-100,-100,-100,-100,-100,-100,-100,-100,6
44,-74.0,-71.81330472103004,-67,-78,-78,-50.0,-100,-100,-100,-79,-100,-100,-100,-100,-100,-100,-100,6
45,-68.0,-70.0,-74,-81,-77,-49.0,-100,-100,-100,-100,-100,-100,-100,-100,-100,-100,-100,6
46,-70.61158798283262,-71.81330472103004,-81,-84,-83,-47.0,-100,-100,-87,-100,-100,-100,-100,-100,-100,-100,-100,6
47,-67.0,-70.0,-73,-100,-76,-42.0,-100,-100,-100,-100,-100,-100,-100,-100,-100,-100,-100,6
48,-72.0,-76.0,-77,-81,-78,-49.0,-100,-100,-100,-100,-100,-100,-100,-100,-100,-100,-100,6
49,-69.0,-66.0,-66,-81,-77,-47.0,-100,-100,-100,-100,-100,-100,-100,-100,-100,-100,-100,6
50,-58.0,-72.0,-66,-78,-81,-51.0,-100,-100,-100,-100,-100,-100,-100,-100,-100,-82,-100,6
51,-62.0,-77.0,-68,-85,-72,-43.0,-100,-100,-100,-100,-100,-84,-100,-84,-100,-83,-100,6
52,-60.0,-71.81330472103004,-69,-77,-79,-47.0,-100,-100,-100,-100,-100,-100,-100,-100,-100,-100,-100,6
53,-66.0,-68.0,-69,-83,-81,-48.0,-100,-100,-100,-100,-100,-100,-100,-100,-100,-100,-100,6
54,-65.0,-67.0,-72,-83,-81,-53.0,-100,-100,-100,-100,-100,-100,-100,-100,-100,-100,-100,6
55,-74.0,-67.0,-67,-84,-72,-44.0,-100,-100,-100,-100,-100,-100,-100,-100,-100,-100,-100,6
56,-65.0,-64.0,-65,-81,-68,-62.0,-100,-100,-100,-100,-100,-100,-100,-77,-100,-100,-100,6
57,-68.0,-82.0,-69,-100,-73,-57.0,-100,-100,-100,-100,-100,-100,-100,-100,-100,-100,-100,6
58,-71.0,-71.0,-67,-100,-75,-46.0,-100,-100,-100,-100,-100,-100,-100,-100,-100,-100,-100,6
59,-63.0,-69.0,-73,-100,-78,-53.0,-100,-100,-100,-100,-100,-100,-100,-100,-100,-100,-100,6
60,-63.0,-78.0,-77,-78,-77,-50.0,-100,-100,-100,-100,-100,-100,-100,-100,-100,-100,-100,6
61,-71.0,-74.0,-100,-100,-100,-53.0,-100,-100,-100,-100,-100,-100,-100,-100,-100,-100,-100,6
62,-70.0,-81.0,-100,-100,-83,-55.0,-100,-100,-100,-100,-100,-100,-100,-100,-100,-100,-100,6
63,-71.0,-75.0,-82,-85,-86,-59.0,-100,-100,-100,-100,-100,-100,-100,-100,-100,-100,-100,6
64,-77.0,-71.81330472103004,-100,-100,-84,-61.0,-100,-100,-100,-100,-100,-100,-100,-100,-100,-100,-100,6
65,-76.0,-71.0,-79,-100,-87,-59.0,-100,-100,-100,-100,-100,-100,-100,-100,-100,-100,-100,6
66,-75.0,-64.0,-74,-100,-78,-57.0,-100,-100,-100,-100,-100,-100,-100,-100,-81,-84,-100,6
67,-64.0,-70.0,-100,-83,-85,-52.0,-100,-100,-100,-100,-100,-100,-100,-100,-100,-100,-100,6
68,-70.0,-71.81330472103004,-100,-79,-74,-67.0,-100,-100,-100,-100,-100,-100,-75,-100,-100,-79,-100,6
69,-60.0,-62.0,-65,-100,-78,-58.0,-100,-100,-100,-100,-100,-100,-100,-100,-100,-100,-100,6
70,-61.0,-71.0,-67,-100,-82,-52.96137339055794,-100,-100,-100,-100,-100,-100,-100,-100,-100,-100,-100,6
71,-73.0,-74.0,-100,-100,-100,-58.0,-100,-100,-100,-100,-100,-100,-100,-100,-100,-100,-100,6
72,-72.0,-76.0,-78,-100,-78,-53.0,-100,-100,-100,-100,-100,-100,-100,-100,-100,-100,-100,6
73,-66.0,-71.81330472103004,-73,-100,-81,-47.0,-100,-100,-100,-100,-100,-100,-100,-100,-100,-100,-100,6
74,-73.0,-78.0,-80,-85,-84,-61.0,-100,-100,-100,-100,-100,-100,-100,-100,-100,-100,-100,6
75,-69.0,-67.0,-67,-83,-83,-47.0,-100,-100,-100,-100,-100,-100,-100,-100,-100,-100,-100,6
76,-70.0,-73.0,-60,-72,-75,-60.0,-100,-100,-100,-100,-100,-100,-100,-100,-100,-82,-100,6
77,-62.0,-71.81330472103004,-54,-100,-68,-58.0,-100,-100,-100,-100,-100,-100,-100,-100,-100,-78,-100,6
78,-72.0,-68.0,-64,-78,-72,-60.0,-100,-100,-100,-100,-100,-100,-100,-100,-100,-76,-100,6
79,-62.0,-71.81330472103004,-100,-80,-77,-45.0,-100,-100,-100,-100,-100,-100,-100,-100,-100,-100,-100,6
80,-64.0,-75.0,-72,-82,-83,-47.0,-100,-100,-100,-80,-81,-100,-80,-81,-100,-100,-100,6
81,-62.0,-73.0,-77,-87,-81,-42.0,-100,-100,-100,-100,-100,-100,-100,-100,-100,-100,-100,6
82,-77.0,-77.0,-78,-100,-78,-49.0,-100,-100,-100,-100,-100,-100,-100,-100,-86,-100,-100,6
83,-66.0,-71.81330472103004,-100,-80,-72,-49.0,-100,-100,-100,-100,-100,-100,-100,-100,-100,-100,-100,6
84,-61.0,-60.0,-71,-100,-76,-56.0,-88,-100,-100,-100,-100,-100,-100,-100,-100,-88,-100,6
85,-82.0,-62.0,-60,-75,-71,-50.0,-100,-100,-100,-100,-100,-100,-100,-100,-100,-100,-100,6
86,-81.0,-74.0,-66,-78,-77,-52.0,-100,-100,-100,-100,-100,-100,-76,-100,-100,-78,-100,6
87,-71.0,-67.0,-69,-100,-78,-54.0,-100,-100,-100,-100,-100,-100,-100,-100,-100,-100,-100,6
88,-59.0,-72.0,-72,-100,-78,-52.0,-100,-100,-100,-100,-100,-100,-100,-100,-100,-100,-100,6
89,-65.0,-73.0,-74,-100,-79,-46.0,-100,-100,-100,-100,-100,-100,-100,-100,-100,-87,-100,6
90,-65.0,-76.0,-72,-86,-82,-50.0,-100,-100,-100,-100,-100,-100,-100,-100,-100,-100,-100,6
91,-70.0,-71.81330472103004,-100,-100,-83,-54.0,-100,-100,-100,-88,-100,-100,-100,-100,-84,-100,-100,6
92,-72.0,-77.0,-68,-100,-82,-56.0,-100,-100,-100,-100,-100,-100,-100,-100,-100,-100,-100,6
93,-62.0,-72.0,-67,-100,-77,-53.0,-100,-100,-100,-100,-100,-100,-100,-100,-100,-100,-100,6
94,-74.0,-64.0,-66,-76,-75,-66.0,-100,-100,-100,-100,-100,-100,-100,-100,-100,-100,-100,6
95,-70.61158798283262,-64.0,-66,-73,-73,-75.0,-100,-100,-100,-100,-100,-100,-100,-100,-100,-77,-100,6
96,-61.0,-69.0,-65,-80,-78,-72.0,-100,-100,-100,-100,-100,-100,-100,-100,-100,-81,-86,6
97,-79.0,-68.0,-64,-78,-82,-68.0,-100,-75,-76,-74,-76,-83,-100,-100,-100,-84,-100,6
98,-76.0,-73.0,-75,-100,-80,-59.0,-100,-100,-100,-77,-82,-100,-100,-100,-100,-100,-100,6
99,-76.0,-79.0,-77,-100,-83,-51.0,-100,-86,-100,-83,-100,-100,-100,-100,-100,-100,-100,6
100,-77.0,-76.0,-72,-100,-85,-41.0,-100,-100,-100,-100,-100,-100,-100,-100,-100,-100,-100,6
101,-78.0,-71.0,-70,-75,-80,-35.0,-100,-100,-86,-100,-100,-83,-83,-82,-80,-86,-100,6
102,-71.0,-72.0,-74,-87,-77,-47.0,-100,-100,-100,-100,-100,-100,-100,-100,-100,-100,-100,6
103,-85.0,-78.0,-68,-82,-86,-55.0,-100,-100,-100,-100,-100,-100,-100,-100,-100,-82,-100,6
104,-74.0,-78.0,-66,-100,-76,-58.0,-100,-100,-82,-100,-100,-75,-100,-100,-77,-81,-100,6
105,-66.0,-69.0,-66,-100,-78,-51.0,-100,-100,-100,-100,-100,-100,-100,-100,-100,-100,-100,6
106,-69.0,-63.0,-64,-76,-71,-63.0,-100,-100,-100,-100,-100,-100,-100,-100,-100,-72,-100,6
107,-71.0,-71.81330472103004,-100,-83,-72,-61.0,-100,-100,-100,-100,-78,-100,-100,-100,-100,-76,-100,6
108,-72.0,-71.0,-73,-74,-78,-51.0,-100,-100,-100,-100,-100,-100,-100,-100,-100,-81,-100,6
109,-67.0,-70.0,-62,-80,-73,-63.0,-100,-100,-100,-100,-100,-100,-100,-100,-100,-80,-100,6
110,-72.0,-65.0,-68,-76,-77,-52.0,-100,-100,-76,-76,-77,-100,-100,-100,-100,-83,-100,6
111,-67.0,-76.0,-60,-80,-73,-56.0,-100,-75,-100,-100,-100,-100,-100,-100,-100,-80,-100,6
112,-70.0,-70.0,-64,-100,-70,-54.0,-100,-100,-100,-100,-100,-100,-100,-100,-100,-100,-100,6
113,-62.0,-73.0,-64,-75,-83,-45.0,-100,-100,-100,-100,-100,-100,-100,-100,-100,-100,-100,6
114,-64.0,-65.0,-71,-100,-80,-56.0,-100,-100,-100,-100,-100,-100,-100,-100,-100,-100,-100,6
115,-67.0,-66.0,-68,-100,-69,-65.0,-100,-79,-78,-80,-100,-100,-100,-100,-79,-83,-100,6
116,-68.0,-73.0,-58,-84,-77,-49.0,-100,-100,-100,-100,-100,-100,-100,-100,-74,-87,-100,6
117,-65.0,-71.81330472103004,-100,-78,-72,-50.0,-100,-100,-100,-100,-100,-75,-100,-100,-100,-100,-100,6
118,-75.0,-70.0,-69,-78,-69,-53.0,-100,-100,-100,-100,-100,-100,-100,-100,-100,-100,-100,6
119,-71.0,-67.0,-73,-85,-81,-58.0,-100,-100,-100,-100,-84,-100,-80,-100,-100,-100,-100,6
120,-66.0,-64.0,-66,-100,-75,-64.0,-100,-82,-100,-100,-100,-100,-100,-76,-100,-82,-100,6
121,-78.0,-62.0,-63,-78,-67,-63.0,-100,-73,-100,-73,-100,-76,-78,-100,-100,-100,-100,6
122,-62.0,-62.0,-54,-70,-63,-63.0,-100,-100,-100,-100,-75,-72,-71,-100,-100,-82,-85,6
123,-66.0,-62.0,-56,-71,-76,-52.0,-100,-100,-100,-100,-100,-100,-100,-100,-100,-74,-100,6
124,-61.0,-69.0,-61,-75,-69,-57.0,-100,-100,-100,-100,-75,-100,-77,-100,-84,-84,-100,6
125,-71.0,-70.0,-63,-81,-70,-60.0,-100,-100,-100,-100,-100,-100,-100,-100,-100,-100,-100,6
126,-65.0,-64.0,-70,-78,-77,-54.0,-100,-84,-100,-100,-100,-100,-100,-100,-77,-100,-100,6
127,-76.0,-72.0,-58,-100,-78,-61.0,-100,-77,-77,-78,-78,-74,-83,-74,-75,-81,-100,6
128,-68.0,-69.0,-67,-82,-73,-51.0,-100,-100,-100,-100,-100,-100,-78,-83,-100,-83,-100,6
129,-71.0,-67.0,-68,-78,-81,-49.0,-100,-100,-81,-84,-100,-100,-100,-100,-80,-100,-100,6
130,-69.0,-65.0,-66,-100,-86,-56.0,-100,-72,-70,-75,-100,-76,-100,-100,-100,-85,-100,6
131,-66.0,-63.0,-62,-100,-74,-52.0,-100,-100,-100,-100,-100,-100,-100,-100,-100,-100,-100,6
132,-72.0,-81.0,-67,-82,-80,-51.0,-100,-100,-100,-82,-100,-100,-100,-100,-100,-100,-100,6
133,-70.0,-78.0,-80,-100,-84,-63.0,-100,-100,-100,-100,-100,-100,-100,-100,-100,-100,-100,6
134,-77.0,-73.0,-100,-100,-86,-48.0,-100,-100,-100,-100,-100,-100,-100,-100,-100,-100,-100,6
135,-74.0,-83.0,-78,-100,-86,-56.0,-100,-100,-100,-100,-100,-100,-100,-100,-100,-100,-100,6
136,-77.0,-71.81330472103004,-100,-100,-80,-47.0,-100,-100,-100,-100,-100,-100,-100,-100,-100,-100,-100,6
137,-71.0,-74.0,-75,-100,-84,-59.0,-100,-76,-77,-77,-79,-78,-78,-100,-81,-100,-100,6
138,-77.0,-73.0,-71,-82,-77,-60.0,-100,-100,-100,-81,-78,-79,-100,-100,-79,-84,-100,6
139,-76.0,-65.0,-68,-100,-76,-62.0,-100,-100,-100,-82,-81,-100,-85,-100,-100,-100,-100,6
140,-72.0,-75.0,-67,-100,-83,-61.0,-100,-100,-100,-100,-100,-100,-100,-100,-100,-100,-100,6
141,-71.0,-74.0,-73,-100,-80,-46.0,-100,-100,-100,-100,-100,-100,-100,-100,-100,-100,-100,6
142,-77.0,-79.0,-74,-79,-82,-56.0,-100,-100,-100,-100,-100,-100,-100,-100,-100,-81,-100,6
143,-77.0,-68.0,-69,-100,-80,-68.0,-100,-100,-100,-100,-100,-100,-100,-100,-100,-84,-100,6
144,-73.0,-67.0,-65,-76,-77,-53.0,-100,-100,-100,-100,-100,-100,-100,-100,-100,-82,-100,6
145,-58.0,-69.0,-60,-74,-65,-62.0,-100,-100,-100,-100,-100,-100,-100,-100,-100,-83,-100,6
146,-66.0,-65.0,-66,-100,-75,-50.0,-100,-84,-79,-100,-79,-100,-100,-100,-100,-100,-100,6
147,-68.0,-66.0,-58,-76,-85,-67.0,-100,-100,-100,-100,-100,-100,-100,-100,-100,-77,-100,6
148,-70.0,-66.0,-67,-100,-75,-51.0,-100,-79,-100,-79,-100,-70,-71,-76,-76,-79,-100,6
149,-62.0,-76.0,-65,-75,-75,-45.0,-100,-100,-88,-78,-82,-100,-100,-100,-81,-100,-100,6
150,-72.0,-72.0,-80,-100,-81,-46.0,-100,-100,-100,-100,-100,-100,-100,-100,-100,-100,-100,6
151,-69.0,-70.0,-74,-100,-86,-58.0,-100,-100,-100,-100,-100,-100,-100,-100,-100,-100,-100,6
152,-72.0,-70.0,-69,-100,-77,-42.0,-100,-100,-100,-100,-100,-100,-100,-100,-100,-100,-100,6
153,-64.0,-66.0,-71,-80,-73,-54.0,-100,-100,-100,-100,-100,-100,-100,-80,-81,-100,-100,6
154,-67.0,-79.0,-73,-81,-85,-50.0,-100,-100,-100,-100,-100,-100,-100,-100,-100,-100,-100,6
155,-78.0,-74.0,-67,-100,-100,-47.0,-100,-100,-100,-100,-100,-100,-100,-100,-100,-100,-100,6
156,-69.0,-77.0,-76,-82,-85,-52.0,-100,-100,-100,-100,-100,-100,-100,-100,-100,-100,-100,6
157,-65.0,-70.0,-66,-100,-77,-61.0,-100,-100,-100,-100,-100,-82,-100,-100,-100,-83,-100,6
158,-69.0,-72.0,-70,-100,-74,-63.0,-100,-100,-100,-100,-100,-100,-100,-100,-100,-100,-100,6
159,-79.0,-70.0,-72,-100,-77,-48.0,-100,-100,-100,-100,-100,-82,-100,-100,-100,-100,-100,6
160,-74.0,-74.0,-76,-100,-84,-49.0,-100,-100,-100,-100,-100,-100,-100,-100,-100,-100,-100,6
161,-68.0,-77.0,-72,-100,-79,-52.0,-100,-100,-100,-100,-100,-84,-100,-100,-100,-100,-100,6
162,-64.0,-70.0,-70,-100,-77,-56.0,-100,-100,-100,-100,-100,-100,-100,-100,-100,-100,-100,6
163,-67.0,-65.0,-63,-100,-74,-50.0,-100,-100,-100,-100,-100,-100,-100,-100,-100,-81,-100,6
164,-79.0,-72.0,-76,-100,-78,-53.0,-100,-82,-100,-100,-100,-100,-83,-100,-100,-100,-100,6
165,-63.0,-71.81330472103004,-100,-100,-81,-45.0,-100,-100,-100,-100,-100,-100,-100,-100,-100,-100,-100,6
166,-72.0,-76.0,-78,-100,-84,-41.0,-100,-84,-100,-83,-100,-100,-86,-83,-100,-100,-100,6
167,-64.0,-79.0,-76,-100,-78,-62.0,-100,-100,-100,-100,-100,-84,-100,-100,-100,-100,-100,6
168,-69.0,-69.0,-65,-100,-79,-49.0,-100,-82,-100,-100,-81,-100,-86,-100,-100,-100,-100,6
169,-66.0,-67.0,-63,-100,-78,-51.0,-100,-100,-100,-100,-70,-74,-74,-79,-80,-77,-100,6
170,-72.0,-64.0,-56,-100,-75,-51.0,-100,-100,-100,-100,-100,-100,-100,-100,-100,-71,-100,6
171,-67.0,-62.0,-55,-73,-68,-60.0,-100,-73,-71,-74,-73,-71,-100,-70,-100,-77,-82,6
172,-68.0,-69.0,-58,-74,-71,-61.0,-100,-76,-76,-100,-100,-100,-100,-100,-100,-77,-100,6
173,-61.0,-65.0,-56,-69,-67,-62.0,-100,-100,-100,-100,-100,-100,-100,-100,-100,-83,-100,6
174,-69.0,-67.0,-58,-70,-75,-63.0,-100,-100,-100,-100,-100,-100,-100,-100,-100,-78,-100,6
175,-63.0,-60.0,-56,-100,-73,-51.0,-100,-77,-80,-74,-100,-79,-75,-100,-75,-100,-100,6
176,-65.0,-56.0,-48,-78,-71,-59.0,-100,-100,-100,-100,-100,-73,-100,-73,-100,-100,-100,6
177,-68.0,-65.0,-62,-83,-69,-58.0,-100,-81,-100,-100,-79,-76,-78,-78,-73,-74,-100,6
178,-69.0,-69.0,-66,-100,-80,-51.0,-100,-100,-100,-100,-84,-100,-100,-79,-83,-100,-100,6
179,-63.0,-74.0,-75,-100,-80,-49.0,-100,-100,-100,-100,-100,-100,-100,-100,-100,-100,-100,6
180,-68.0,-85.0,-71,-85,-79,-53.0,-100,-100,-100,-100,-100,-100,-100,-100,-100,-100,-100,6
181,-70.0,-73.0,-68,-83,-81,-47.0,-100,-82,-100,-100,-100,-100,-100,-100,-78,-100,-100,6
182,-75.0,-69.0,-72,-80,-79,-54.0,-100,-100,-100,-100,-100,-100,-100,-100,-100,-100,-100,6
183,-63.0,-68.0,-71,-100,-75,-61.0,-100,-100,-100,-100,-100,-100,-100,-100,-100,-100,-100,6
184,-80.0,-75.0,-76,-100,-81,-54.0,-100,-100,-100,-100,-100,-100,-100,-100,-100,-100,-100,6
185,-66.0,-75.0,-72,-81,-84,-53.0,-100,-100,-100,-100,-100,-86,-84,-82,-100,-100,-100,6
186,-70.0,-63.0,-64,-100,-84,-52.0,-100,-100,-100,-100,-100,-100,-100,-100,-100,-100,-100,6
187,-74.0,-67.0,-69,-82,-85,-61.0,-100,-100,-100,-100,-100,-100,-100,-100,-100,-100,-100,6
188,-71.0,-74.0,-68,-84,-81,-49.0,-100,-100,-100,-100,-100,-100,-100,-100,-100,-100,-100,6
189,-67.0,-75.0,-77,-100,-88,-63.0,-100,-100,-100,-100,-100,-100,-100,-100,-100,-100,-100,6
190,-72.0,-83.0,-72,-100,-100,-52.0,-100,-100,-100,-100,-100,-100,-100,-100,-100,-100,-100,6
191,-73.0,-77.0,-69,-100,-100,-46.0,-100,-100,-100,-100,-100,-100,-84,-100,-100,-100,-100,6
192,-70.0,-70.0,-67,-100,-78,-52.0,-100,-100,-100,-100,-100,-100,-100,-100,-100,-100,-100,6
193,-78.0,-72.0,-70,-77,-79,-48.0,-100,-86,-100,-100,-100,-79,-79,-83,-81,-100,-100,6
194,-69.0,-70.0,-76,-100,-82,-44.0,-100,-100,-100,-100,-100,-100,-100,-100,-100,-100,-100,6
195,-71.0,-75.0,-100,-100,-81,-49.0,-100,-100,-100,-100,-100,-100,-100,-100,-100,-100,-100,6
196,-71.0,-74.0,-100,-100,-100,-48.0,-100,-100,-100,-100,-100,-100,-100,-100,-100,-100,-100,6
197,-71.0,-74.0,-100,-100,-81,-63.0,-100,-84,-100,-100,-100,-83,-84,-81,-79,-100,-100,6
198,-66.0,-69.0,-100,-82,-87,-56.0,-100,-78,-77,-77,-77,-76,-100,-83,-76,-79,-100,6
199,-59.0,-69.0,-100,-73,-74,-57.0,-100,-74,-100,-70,-72,-77,-100,-100,-100,-76,-100,6
200,-77.0,-61.0,-100,-73,-72,-51.0,-100,-79,-100,-79,-81,-79,-76,-79,-76,-78,-100,6
201,-71.0,-69.0,-100,-100,-78,-50.0,-100,-87,-100,-100,-100,-100,-84,-87,-100,-100,-100,6
202,-75.0,-75.0,-100,-100,-84,-52.0,-100,-100,-100,-100,-100,-100,-100,-100,-100,-100,-100,6
203,-76.0,-68.0,-100,-100,-100,-53.0,-100,-100,-100,-100,-100,-100,-100,-100,-100,-100,-100,6
204,-74.0,-66.0,-100,-81,-78,-62.0,-100,-89,-86,-85,-84,-87,-100,-100,-86,-100,-100,6
205,-79.0,-61.0,-100,-80,-79,-50.0,-100,-100,-100,-100,-100,-100,-100,-100,-100,-100,-100,6
206,-75.0,-66.0,-100,-100,-86,-46.0,-100,-100,-100,-100,-100,-100,-100,-100,-100,-100,-100,6
207,-75.0,-78.0,-100,-100,-83,-49.0,-100,-88,-100,-100,-87,-100,-100,-100,-100,-100,-100,6
208,-81.0,-66.0,-100,-83,-80,-51.0,-100,-85,-87,-85,-85,-100,-87,-100,-87,-100,-100,6
209,-70.0,-73.0,-100,-78,-80,-53.0,-100,-100,-100,-100,-100,-100,-100,-100,-100,-100,-100,6
210,-72.0,-64.0,-67,-100,-74,-51.0,-100,-100,-100,-100,-100,-80,-82,-82,-81,-85,-100,6
211,-71.0,-66.0,-67,-81,-75,-55.0,-100,-100,-84,-100,-100,-78,-76,-79,-81,-81,-100,6
212,-72.0,-73.0,-67,-100,-81,-58.0,-100,-80,-78,-80,-79,-100,-86,-84,-79,-100,-88,6
213,-68.0,-71.0,-100,-83,-75,-63.0,-100,-100,-82,-100,-79,-76,-78,-77,-78,-100,-100,6
214,-76.0,-62.0,-100,-83,-75,-60.0,-100,-100,-100,-100,-100,-75,-76,-100,-80,-80,-100,6
215,-76.0,-63.0,-100,-80,-77,-49.0,-100,-100,-83,-100,-80,-76,-83,-78,-100,-83,-100,6
216,-75.0,-67.0,-75,-100,-84,-53.0,-100,-100,-100,-100,-100,-100,-100,-100,-100,-100,-100,6
217,-72.0,-76.0,-100,-100,-87,-49.0,-100,-100,-100,-100,-100,-100,-100,-100,-100,-100,-100,6
218,-75.0,-68.0,-73,-100,-77,-58.0,-100,-83,-100,-83,-85,-100,-87,-83,-84,-100,-100,6
219,-71.0,-69.0,-74,-100,-79,-51.0,-100,-100,-100,-100,-100,-79,-79,-76,-82,-100,-100,6
220,-61.0,-66.0,-62,-100,-77,-57.0,-100,-79,-78,-78,-78,-80,-76,-78,-78,-100,-85,6
221,-70.0,-59.0,-65,-76,-68,-54.0,-100,-70,-71,-70,-72,-72,-71,-71,-70,-100,-100,6
222,-67.0,-62.0,-68,-100,-100,-49.0,-100,-85,-87,-89,-100,-100,-86,-100,-100,-100,-100,6
223,-73.0,-72.0,-100,-100,-80,-66.0,-100,-100,-100,-100,-100,-82,-85,-86,-100,-100,-100,6
224,-70.61158798283262,-65.0,-68,-100,-100,-49.0,-100,-80,-100,-100,-83,-83,-83,-83,-84,-100,-100,6
225,-63.0,-70.0,-100,-100,-75,-52.0,-100,-85,-80,-85,-79,-74,-74,-77,-78,-100,-100,6
226,-70.61158798283262,-63.0,-62,-100,-100,-52.96137339055794,-100,-82,-100,-79,-81,-80,-80,-80,-79,-77,-84,6
227,-68.0,-83.0,-81,-79,-79,-48.0,-100,-87,-86,-100,-83,-87,-100,-87,-84,-100,-100,6
228,-71.0,-75.0,-64,-100,-73,-62.0,-100,-80,-79,-79,-78,-76,-77,-77,-81,-100,-86,6
229,-68.0,-64.0,-67,-100,-71,-49.0,-100,-82,-81,-82,-85,-78,-77,-77,-78,-100,-100,6
230,-69.0,-66.0,-64,-100,-74,-52.0,-100,-81,-79,-77,-77,-74,-75,-75,-75,-83,-100,6
231,-76.0,-75.0,-65,-100,-82,-61.0,-100,-79,-79,-80,-78,-76,-77,-76,-76,-100,-100,6
232,-72.0,-70.0,-100,-100,-79,-65.0,-100,-82,-82,-81,-81,-78,-100,-80,-100,-100,-100,6
233,-77.0,-73.0,-69,-100,-74,-59.0,-100,-84,-85,-85,-100,-100,-81,-82,-100,-100,-100,6
234,-72.0,-74.0,-71,-100,-79,-46.0,-100,-77,-100,-77,-77,-83,-77,-83,-100,-86,-100,6
235,-65.0,-66.0,-67,-100,-80,-51.0,-100,-100,-100,-83,-83,-78,-100,-79,-78,-88,-100,6
236,-76.0,-66.0,-71,-100,-78,-53.0,-100,-100,-100,-100,-100,-100,-100,-100,-100,-100,-100,6
237,-72.0,-68.0,-72,-100,-80,-50.0,-100,-100,-100,-82,-100,-100,-81,-80,-81,-82,-100,6
238,-75.0,-69.0,-68,-80,-80,-54.0,-100,-82,-100,-85,-82,-84,-100,-81,-85,-100,-100,6
239,-64.0,-77.0,-70,-100,-100,-65.0,-100,-84,-100,-100,-85,-82,-82,-83,-82,-82,-100,6
240,-69.0,-62.0,-100,-100,-79,-45.0,-100,-83,-82,-82,-83,-85,-100,-87,-100,-100,-100,6
241,-72.0,-59.0,-73,-100,-75,-47.0,-100,-100,-100,-100,-80,-100,-100,-77,-81,-100,-100,6
242,-69.0,-66.0,-100,-100,-100,-51.0,-100,-80,-100,-100,-83,-100,-100,-100,-100,-100,-100,6
243,-71.0,-63.0,-67,-100,-81,-60.0,-100,-100,-100,-100,-100,-100,-100,-100,-100,-100,-100,6
244,-66.0,-61.0,-71,-100,-72,-59.0,-100,-100,-100,-100,-100,-79,-79,-78,-78,-100,-100,6
245,-69.0,-65.0,-73,-100,-100,-54.0,-100,-100,-100,-100,-100,-79,-100,-82,-79,-100,-100,6
246,-69.0,-65.0,-76,-100,-81,-53.0,-100,-85,-85,-88,-87,-82,-82,-83,-81,-100,-100,6
247,-73.0,-62.0,-72,-100,-85,-64.0,-100,-100,-100,-100,-100,-81,-79,-82,-80,-100,-100,6
248,-69.0,-62.0,-73,-75,-69,-57.0,-100,-84,-85,-86,-85,-80,-81,-82,-80,-86,-100,6
249,-71.0,-67.0,-66,-100,-100,-47.0,-100,-85,-100,-81,-100,-85,-86,-85,-85,-100,-100,6
250,-72.0,-66.0,-67,-100,-100,-55.0,-100,-100,-100,-83,-100,-83,-82,-82,-83,-84,-100,6
251,-70.0,-69.0,-69,-100,-77,-52.0,-100,-85,-85,-84,-82,-84,-83,-83,-100,-100,-100,6
252,-68.0,-76.0,-63,-100,-81,-49.0,-100,-78,-80,-83,-79,-83,-83,-82,-82,-100,-100,6
253,-66.0,-66.0,-71,-100,-78,-59.0,-100,-80,-80,-79,-80,-80,-78,-79,-81,-85,-100,6
254,-64.0,-67.0,-70,-100,-100,-44.0,-100,-82,-84,-83,-83,-78,-82,-80,-79,-100,-100,6
255,-68.0,-66.0,-71,-100,-76,-58.0,-100,-100,-100,-83,-81,-79,-79,-83,-85,-100,-100,6
256,-66.0,-63.0,-73,-100,-100,-60.0,-100,-100,-86,-100,-85,-83,-84,-100,-82,-100,-100,6
257,-69.0,-69.0,-73,-100,-100,-60.0,-100,-100,-100,-87,-89,-100,-100,-87,-100,-100,-100,6
258,-75.0,-62.0,-67,-100,-100,-54.0,-100,-83,-85,-81,-82,-86,-80,-100,-86,-100,-90,6
259,-74.0,-63.0,-70,-100,-81,-53.0,-100,-100,-100,-100,-100,-80,-80,-81,-82,-100,-100,6
260,-65.0,-76.0,-67,-100,-100,-50.0,-100,-100,-100,-83,-85,-79,-86,-100,-80,-89,-100,6
261,-66.0,-65.0,-100,-100,-77,-55.0,-100,-87,-85,-100,-89,-83,-84,-84,-83,-87,-100,6
262,-67.0,-65.0,-75,-100,-79,-50.0,-100,-81,-80,-80,-80,-80,-80,-80,-79,-100,-100,6
263,-70.0,-74.0,-79,-100,-100,-54.0,-100,-100,-100,-100,-100,-81,-80,-80,-81,-91,-100,6
264,-68.0,-73.0,-73,-100,-84,-52.0,-100,-84,-100,-87,-82,-84,-84,-84,-84,-87,-100,6
265,-70.0,-73.0,-77,-100,-79,-43.0,-100,-84,-84,-84,-100,-83,-84,-83,-83,-100,-100,6
266,-69.0,-80.0,-67,-100,-100,-51.0,-100,-85,-85,-100,-100,-86,-89,-100,-100,-81,-100,6
267,-70.61158798283262,-82.0,-100,-100,-100,-50.0,-100,-100,-100,-100,-100,-100,-100,-100,-100,-100,-100,6
268,-78.0,-69.0,-71,-85,-78,-67.0,-100,-89,-87,-92,-90,-100,-87,-89,-91,-100,-100,6
269,-68.0,-74.0,-70,-100,-81,-52.0,-100,-100,-100,-100,-100,-86,-88,-100,-88,-85,-100,6
270,-67.0,-72.0,-73,-100,-82,-49.0,-100,-83,-83,-82,-85,-81,-82,-82,-82,-100,-100,6
271,-63.0,-71.0,-69,-100,-76,-42.0,-100,-100,-100,-100,-100,-87,-87,-100,-85,-100,-100,6
272,-73.0,-67.0,-67,-85,-82,-49.0,-100,-100,-100,-81,-100,-100,-100,-100,-100,-87,-100,6
273,-67.0,-65.0,-75,-100,-100,-51.0,-100,-100,-88,-85,-100,-84,-100,-100,-81,-88,-100,6
274,-72.0,-67.0,-70,-100,-100,-61.0,-100,-100,-85,-100,-100,-85,-84,-83,-83,-82,-100,6
275,-70.61158798283262,-67.0,-74,-100,-100,-56.0,-100,-100,-100,-100,-100,-100,-100,-100,-100,-100,-100,6
276,-70.0,-61.0,-73,-100,-100,-44.0,-100,-100,-100,-100,-100,-85,-100,-83,-81,-100,-100,6
277,-76.0,-62.0,-76,-85,-81,-54.0,-100,-84,-100,-84,-84,-86,-84,-85,-84,-100,-100,6
278,-72.0,-65.0,-73,-100,-81,-54.0,-100,-100,-100,-100,-100,-100,-100,-100,-100,-100,-100,6
279,-70.0,-70.0,-72,-100,-80,-56.0,-100,-100,-100,-100,-100,-100,-100,-100,-100,-100,-100,6
280,-73.0,-70.0,-71,-100,-82,-53.0,-100,-100,-100,-100,-100,-88,-83,-83,-84,-100,-100,6
281,-68.0,-64.0,-69,-86,-81,-55.0,-100,-100,-100,-100,-85,-83,-84,-84,-88,-86,-100,6
282,-67.0,-62.0,-100,-100,-100,-67.0,-100,-84,-86,-86,-84,-77,-77,-78,-79,-100,-100,6
283,-75.0,-61.0,-69,-100,-80,-59.0,-100,-100,-100,-100,-100,-84,-83,-100,-84,-84,-100,6
284,-68.0,-64.0,-70,-100,-79,-50.0,-100,-83,-81,-82,-82,-86,-84,-89,-88,-100,-100,6
285,-70.61158798283262,-64.0,-71,-100,-100,-51.0,-100,-87,-92,-86,-85,-87,-87,-100,-85,-100,-100,6
286,-69.0,-71.0,-72,-100,-77,-63.0,-100,-100,-100,-100,-100,-100,-100,-100,-100,-100,-100,6
287,-67.0,-64.0,-70,-100,-100,-52.0,-100,-100,-85,-85,-86,-84,-83,-84,-84,-100,-100,6
288,-66.0,-75.0,-70,-78,-80,-58.0,-100,-100,-100,-84,-100,-84,-80,-83,-100,-100,-100,6
289,-74.0,-64.0,-68,-86,-86,-48.0,-100,-100,-100,-100,-89,-100,-87,-83,-84,-85,-100,6
290,-77.0,-66.0,-77,-80,-83,-48.0,-100,-100,-100,-88,-100,-100,-85,-84,-100,-100,-100,6
291,-70.0,-69.0,-71,-76,-82,-47.0,-100,-100,-100,-100,-100,-100,-100,-100,-100,-100,-100,6
292,-72.0,-72.0,-74,-100,-100,-53.0,-100,-100,-100,-100,-86,-83,-79,-81,-79,-100,-100,6
293,-78.0,-64.0,-68,-100,-100,-51.0,-100,-100,-100,-100,-100,-86,-88,-89,-81,-100,-100,6
294,-70.0,-64.0,-72,-87,-100,-67.0,-100,-100,-100,-100,-100,-100,-85,-85,-84,-100,-100,6
295,-71.0,-71.81330472103004,-77,-100,-100,-56.0,-100,-100,-100,-100,-100,-100,-100,-100,-100,-100,-100,6
296,-64.0,-71.0,-77,-100,-100,-47.0,-100,-100,-100,-100,-100,-100,-100,-100,-100,-100,-100,6
297,-68.0,-74.0,-77,-80,-81,-54.0,-100,-100,-87,-100,-88,-81,-82,-85,-85,-100,-100,6
298,-68.0,-68.0,-100,-100,-84,-47.0,-100,-100,-100,-100,-100,-100,-100,-100,-100,-100,-100,6
299,-65.0,-69.0,-70,-87,-100,-48.0,-100,-87,-86,-100,-100,-100,-100,-100,-100,-100,-100,6
300,-71.0,-66.0,-73,-78,-84,-45.0,-100,-78,-83,-82,-83,-80,-84,-86,-85,-86,-100,6
301,-79.0,-69.0,-70,-100,-82,-50.0,-100,-100,-100,-100,-100,-88,-84,-100,-82,-100,-100,6
302,-63.0,-65.0,-71,-100,-80,-46.0,-100,-100,-100,-81,-100,-81,-81,-100,-80,-87,-100,6
303,-69.0,-68.0,-70,-100,-100,-51.0,-100,-84,-84,-100,-83,-82,-80,-81,-83,-88,-100,6
304,-64.0,-82.0,-70,-84,-84,-45.0,-100,-100,-84,-86,-85,-100,-84,-82,-86,-86,-100,6
305,-73.0,-81.0,-71,-100,-87,-60.0,-100,-83,-84,-100,-100,-100,-91,-88,-87,-84,-100,6
306,-74.0,-72.0,-70,-81,-87,-50.0,-100,-100,-100,-84,-83,-85,-84,-84,-87,-89,-100,6
307,-70.0,-75.0,-74,-100,-82,-44.0,-100,-100,-100,-86,-84,-100,-85,-100,-100,-88,-100,6
308,-70.0,-71.0,-70,-100,-82,-43.0,-100,-100,-85,-100,-100,-82,-100,-89,-80,-88,-100,6
309,-78.0,-79.0,-68,-100,-83,-51.0,-100,-84,-83,-82,-80,-100,-86,-90,-90,-100,-100,6
310,-68.0,-68.0,-66,-100,-81,-49.0,-100,-80,-82,-82,-82,-82,-84,-80,-85,-85,-100,6
311,-66.0,-69.0,-68,-100,-82,-43.0,-100,-86,-100,-87,-89,-86,-86,-88,-84,-100,-100,6
312,-70.61158798283262,-64.0,-72,-100,-100,-49.0,-100,-100,-84,-84,-100,-100,-100,-87,-100,-100,-100,6
313,-70.0,-66.0,-67,-100,-78,-50.0,-100,-87,-100,-100,-88,-85,-82,-83,-82,-100,-100,6
314,-68.0,-72.0,-70,-100,-82,-45.0,-100,-86,-88,-86,-100,-82,-80,-83,-81,-100,-100,6
315,-67.0,-69.0,-67,-82,-80,-51.0,-100,-84,-85,-84,-85,-87,-86,-88,-88,-89,-100,6
316,-65.0,-81.0,-73,-100,-100,-46.0,-100,-100,-100,-100,-100,-84,-85,-84,-85,-100,-100,6
317,-70.0,-75.0,-68,-100,-100,-47.0,-100,-100,-91,-100,-100,-100,-91,-86,-87,-91,-100,6
318,-71.0,-81.0,-68,-100,-100,-47.0,-100,-100,-100,-100,-89,-87,-84,-87,-86,-100,-100,6
319,-68.0,-76.0,-75,-100,-85,-48.0,-100,-100,-89,-86,-100,-86,-100,-87,-100,-93,-100,6
320,-68.0,-70.0,-70,-100,-82,-51.0,-100,-100,-88,-88,-100,-89,-100,-100,-100,-88,-100,6
321,-75.0,-73.0,-71,-86,-78,-62.0,-100,-83,-84,-83,-87,-86,-88,-88,-88,-90,-100,6
322,-70.61158798283262,-69.0,-100,-100,-100,-42.0,-100,-100,-100,-100,-100,-83,-82,-83,-84,-100,-100,6
323,-76.0,-81.0,-68,-100,-79,-44.0,-100,-83,-82,-100,-100,-89,-100,-100,-100,-85,-100,6
324,-70.0,-72.0,-100,-84,-74,-47.0,-100,-100,-100,-100,-100,-100,-100,-100,-100,-100,-100,6
325,-69.0,-78.0,-71,-82,-84,-53.0,-100,-84,-83,-83,-82,-100,-89,-88,-86,-100,-100,6
326,-65.0,-77.0,-68,-100,-100,-51.0,-100,-80,-82,-84,-81,-86,-84,-84,-100,-90,-100,6
327,-68.0,-75.0,-68,-87,-76,-44.0,-100,-85,-86,-100,-85,-87,-87,-100,-89,-100,-100,6
328,-68.0,-71.0,-70,-100,-76,-48.0,-100,-86,-83,-84,-84,-100,-100,-100,-100,-88,-100,6
329,-70.0,-69.0,-69,-89,-80,-49.0,-100,-79,-80,-79,-80,-86,-86,-100,-86,-90,-100,6
330,-66.0,-69.0,-74,-100,-78,-44.0,-100,-100,-100,-100,-100,-100,-100,-100,-100,-100,-100,6
331,-67.0,-67.0,-69,-100,-86,-49.0,-100,-88,-100,-88,-100,-88,-86,-86,-100,-84,-100,6
332,-65.0,-66.0,-74,-86,-84,-60.0,-100,-100,-100,-100,-100,-85,-82,-86,-82,-85,-100,6
333,-64.0,-68.0,-75,-100,-100,-59.0,-100,-100,-100,-100,-87,-86,-85,-86,-86,-87,-100,6
334,-67.0,-68.0,-73,-100,-86,-62.0,-100,-86,-100,-100,-89,-87,-90,-85,-84,-83,-100,6
335,-69.0,-70.0,-74,-89,-80,-59.0,-100,-100,-100,-100,-100,-85,-82,-84,-84,-86,-100,6
336,-66.0,-67.0,-68,-88,-81,-59.0,-100,-100,-100,-100,-100,-84,-84,-86,-86,-85,-100,6
337,-63.0,-67.0,-73,-100,-100,-60.0,-100,-100,-90,-100,-100,-100,-84,-85,-84,-85,-100,6
338,-70.0,-68.0,-73,-100,-83,-59.0,-100,-90,-100,-100,-90,-87,-83,-85,-85,-85,-100,6
339,-65.0,-67.0,-77,-100,-80,-50.0,-100,-100,-100,-100,-100,-88,-89,-86,-86,-86,-100,6
340,-67.0,-67.0,-70,-88,-83,-60.0,-100,-100,-92,-89,-89,-85,-84,-84,-83,-86,-100,6
341,-66.0,-67.0,-67,-86,-80,-62.0,-100,-100,-100,-100,-100,-100,-100,-100,-100,-100,-100,6
342,-67.0,-68.0,-79,-100,-81,-50.0,-100,-100,-100,-100,-100,-84,-87,-87,-85,-86,-100,6
343,-65.0,-66.0,-69,-87,-90,-61.0,-100,-100,-100,-100,-100,-100,-100,-100,-100,-85,-100,6
344,-66.0,-67.0,-71,-100,-100,-59.0,-100,-100,-100,-100,-100,-100,-82,-79,-80,-85,-100,6
345,-65.0,-67.0,-67,-100,-79,-59.0,-100,-100,-100,-100,-100,-81,-81,-82,-81,-85,-100,6
346,-70.61158798283262,-69.0,-100,-100,-100,-50.0,-100,-100,-100,-100,-100,-80,-80,-100,-79,-84,-100,6
347,-66.0,-69.0,-69,-100,-80,-59.0,-100,-100,-100,-86,-100,-80,-82,-80,-81,-100,-100,6
348,-62.0,-66.0,-67,-100,-100,-49.0,-100,-100,-88,-87,-100,-81,-100,-82,-80,-88,-100,6
349,-63.0,-64.0,-76,-83,-79,-50.0,-100,-100,-100,-100,-100,-82,-80,-81,-81,-100,-100,6
350,-64.0,-65.0,-71,-100,-78,-50.0,-100,-88,-100,-87,-100,-81,-81,-80,-79,-100,-100,6
351,-64.0,-64.0,-71,-83,-80,-50.0,-100,-86,-87,-86,-86,-85,-82,-100,-100,-100,-100,6
352,-64.0,-63.0,-68,-83,-81,-51.0,-100,-85,-100,-86,-100,-83,-84,-81,-81,-100,-100,6
353,-65.0,-64.0,-65,-100,-100,-49.0,-100,-87,-89,-100,-88,-84,-84,-85,-100,-87,-100,6
354,-64.0,-64.0,-71,-100,-79,-57.0,-100,-100,-86,-100,-100,-81,-86,-80,-79,-91,-100,6
355,-64.0,-64.0,-74,-82,-79,-50.0,-100,-84,-84,-85,-85,-82,-83,-82,-84,-89,-100,6
356,-63.0,-66.0,-78,-82,-79,-51.0,-100,-87,-89,-88,-100,-83,-78,-82,-81,-90,-100,6
357,-69.0,-77.0,-65,-100,-100,-51.0,-100,-82,-81,-82,-81,-100,-100,-83,-84,-89,-100,6
358,-71.0,-65.0,-69,-82,-82,-50.0,-100,-87,-100,-83,-100,-88,-89,-88,-82,-100,-100,6
359,-69.0,-68.0,-81,-100,-100,-42.0,-100,-80,-100,-100,-80,-81,-82,-82,-81,-100,-100,6
360,-64.0,-70.0,-67,-100,-76,-49.0,-100,-86,-100,-85,-81,-77,-76,-82,-79,-82,-100,6
361,-71.0,-74.0,-81,-100,-79,-63.0,-100,-86,-86,-88,-88,-89,-88,-100,-85,-90,-100,6
362,-71.0,-68.0,-70,-100,-77,-53.0,-100,-86,-89,-89,-100,-81,-84,-100,-86,-100,-100,6
363,-80.0,-71.0,-65,-82,-75,-52.0,-100,-88,-82,-100,-89,-79,-77,-100,-79,-85,-100,6
364,-64.0,-64.0,-69,-88,-75,-55.0,-100,-74,-79,-80,-77,-74,-78,-74,-100,-100,-100,6
365,-68.0,-73.0,-71,-84,-84,-51.0,-100,-86,-84,-87,-85,-84,-100,-100,-100,-100,-100,6
366,-70.0,-75.0,-82,-83,-86,-52.0,-100,-87,-85,-85,-85,-88,-86,-100,-86,-100,-100,6
367,-69.0,-73.0,-66,-100,-100,-51.0,-100,-100,-88,-87,-88,-87,-88,-100,-88,-87,-100,6
368,-68.0,-65.0,-75,-100,-100,-55.0,-100,-86,-86,-85,-84,-85,-84,-84,-100,-84,-100,6
369,-72.0,-62.0,-70,-100,-70,-61.0,-100,-79,-80,-78,-84,-74,-72,-72,-81,-83,-100,6
370,-66.0,-70.0,-68,-83,-78,-47.0,-100,-80,-79,-80,-81,-84,-83,-86,-100,-85,-91,6
371,-65.0,-74.0,-71,-100,-81,-49.0,-100,-100,-100,-100,-100,-100,-100,-100,-100,-100,-100,6
372,-64.0,-84.0,-78,-86,-82,-49.0,-100,-100,-100,-100,-88,-83,-86,-86,-86,-100,-100,6
373,-72.0,-70.0,-71,-84,-85,-53.0,-100,-88,-100,-100,-84,-81,-82,-84,-79,-100,-100,6
374,-67.0,-66.0,-69,-78,-76,-62.0,-100,-73,-100,-73,-78,-77,-75,-76,-75,-83,-100,6
375,-70.0,-80.0,-69,-82,-77,-52.0,-100,-83,-84,-80,-100,-73,-72,-76,-75,-86,-100,6
376,-80.0,-76.0,-80,-82,-79,-51.0,-100,-100,-100,-100,-100,-100,-100,-100,-100,-100,-100,6
377,-63.0,-74.0,-75,-85,-87,-50.0,-100,-100,-89,-88,-85,-83,-83,-80,-85,-100,-100,6
378,-71.0,-73.0,-64,-81,-79,-52.0,-100,-83,-85,-82,-82,-82,-84,-84,-83,-100,-100,6
379,-67.0,-68.0,-74,-100,-83,-51.0,-100,-100,-100,-87,-91,-100,-84,-88,-86,-100,-100,6
380,-69.0,-75.0,-74,-100,-81,-58.0,-100,-87,-88,-100,-100,-87,-89,-89,-100,-100,-100,6
381,-73.0,-72.0,-71,-88,-75,-53.0,-100,-84,-88,-100,-85,-82,-81,-83,-81,-86,-100,6
382,-68.0,-72.0,-77,-100,-78,-49.0,-100,-86,-88,-86,-100,-100,-87,-100,-84,-100,-100,6
383,-65.0,-85.0,-78,-100,-84,-43.0,-100,-100,-100,-88,-100,-83,-89,-87,-84,-100,-100,6
384,-76.0,-72.0,-73,-100,-84,-58.0,-100,-86,-100,-100,-100,-88,-100,-88,-100,-100,-100,6
385,-68.0,-61.0,-67,-80,-81,-61.0,-100,-84,-81,-88,-86,-78,-80,-79,-77,-100,-100,6
386,-70.61158798283262,-69.0,-66,-100,-100,-59.0,-100,-74,-73,-77,-100,-75,-79,-77,-75,-83,-83,6
387,-74.0,-65.0,-68,-80,-77,-55.0,-100,-100,-88,-88,-100,-82,-82,-81,-100,-100,-100,6
388,-65.0,-70.0,-76,-100,-82,-44.0,-100,-100,-86,-86,-100,-85,-100,-79,-84,-100,-100,6
389,-71.0,-73.0,-74,-100,-86,-48.0,-100,-87,-92,-88,-100,-88,-87,-84,-100,-100,-100,6
390,-62.0,-68.0,-67,-85,-79,-54.0,-100,-84,-81,-87,-83,-75,-76,-82,-75,-100,-100,6
391,-72.0,-61.0,-74,-80,-79,-49.0,-100,-100,-75,-77,-100,-78,-76,-77,-75,-100,-100,6
392,-77.0,-74.0,-65,-68,-72,-67.0,-100,-100,-81,-100,-100,-100,-74,-74,-100,-81,-100,6
393,-71.0,-66.0,-70,-76,-76,-44.0,-100,-82,-78,-78,-79,-72,-81,-73,-83,-87,-100,6
394,-68.0,-63.0,-76,-81,-100,-47.0,-100,-100,-100,-84,-100,-100,-74,-78,-77,-100,-100,6
395,-74.0,-69.0,-68,-78,-76,-58.0,-100,-81,-82,-80,-81,-70,-71,-76,-73,-84,-100,6
396,-69.0,-69.0,-66,-87,-73,-48.0,-100,-81,-82,-81,-81,-75,-78,-77,-75,-100,-100,6
397,-68.0,-76.0,-76,-100,-100,-51.0,-100,-100,-100,-100,-100,-87,-83,-100,-83,-100,-100,6
398,-65.0,-59.0,-73,-100,-80,-50.0,-100,-100,-80,-82,-81,-76,-84,-80,-79,-100,-100,6
399,-70.61158798283262,-65.0,-63,-100,-100,-60.0,-100,-78,-78,-78,-79,-75,-77,-76,-100,-82,-86,6
400,-70.0,-61.0,-61,-100,-69,-53.0,-100,-81,-82,-82,-81,-76,-77,-76,-81,-80,-100,6
401,-74.0,-71.0,-76,-93,-82,-50.0,-100,-83,-83,-84,-82,-88,-83,-83,-87,-100,-100,6
402,-67.0,-73.0,-80,-83,-80,-49.0,-100,-100,-100,-100,-100,-87,-88,-84,-87,-100,-100,6
403,-67.0,-73.0,-100,-100,-80,-54.0,-100,-79,-100,-79,-100,-80,-78,-79,-80,-85,-100,6
404,-64.0,-73.0,-65,-100,-68,-55.0,-100,-78,-100,-84,-77,-73,-73,-75,-73,-82,-83,6
405,-70.0,-72.0,-100,-100,-100,-54.0,-100,-82,-82,-84,-82,-73,-73,-74,-74,-100,-100,6
406,-66.0,-73.0,-100,-100,-73,-58.0,-100,-100,-83,-83,-83,-80,-82,-80,-80,-87,-100,6
407,-65.0,-69.0,-79,-83,-81,-52.0,-100,-100,-83,-87,-85,-84,-86,-85,-88,-100,-100,6
408,-79.0,-87.0,-72,-100,-84,-50.0,-100,-87,-88,-100,-88,-100,-90,-87,-90,-100,-100,6
409,-68.0,-72.0,-73,-84,-79,-40.0,-100,-89,-100,-89,-89,-86,-87,-85,-84,-100,-100,6
410,-70.0,-77.0,-70,-100,-100,-48.0,-100,-100,-100,-100,-100,-100,-100,-100,-100,-100,-100,6
411,-74.0,-78.0,-79,-100,-100,-56.0,-100,-100,-100,-100,-100,-100,-100,-100,-100,-100,-100,6
412,-69.0,-77.0,-74,-85,-81,-50.0,-100,-100,-100,-100,-100,-100,-100,-100,-100,-100,-100,6
413,-70.0,-79.0,-73,-100,-100,-45.0,-100,-100,-100,-100,-100,-100,-87,-100,-86,-100,-100,6
414,-63.0,-72.0,-100,-100,-85,-51.0,-100,-100,-100,-100,-100,-84,-100,-100,-85,-100,-100,6
415,-69.0,-69.0,-74,-82,-100,-48.0,-100,-83,-85,-85,-84,-100,-86,-83,-85,-100,-100,6
416,-71.0,-69.0,-73,-87,-84,-47.0,-100,-100,-100,-100,-100,-100,-86,-100,-86,-100,-100,6
417,-72.0,-71.81330472103004,-75,-100,-80,-49.0,-100,-86,-100,-100,-100,-83,-84,-84,-85,-100,-100,6
418,-65.0,-80.0,-100,-100,-100,-51.0,-100,-100,-100,-100,-100,-82,-100,-82,-100,-100,-100,6
419,-62.0,-71.81330472103004,-78,-88,-77,-42.0,-100,-100,-100,-100,-100,-91,-100,-100,-100,-100,-100,6
420,-75.0,-70.0,-83,-100,-85,-47.0,-100,-87,-100,-89,-85,-89,-85,-85,-87,-100,-100,6
421,-72.0,-72.0,-77,-100,-100,-38.0,-100,-84,-89,-86,-86,-100,-100,-89,-87,-100,-100,6
422,-73.0,-80.0,-74,-100,-83,-44.0,-100,-100,-100,-100,-100,-85,-86,-84,-85,-100,-100,6
423,-71.0,-75.0,-75,-100,-85,-52.0,-100,-100,-100,-100,-86,-86,-86,-86,-100,-86,-100,6
424,-69.0,-77.0,-78,-100,-83,-45.0,-100,-100,-100,-100,-100,-100,-100,-100,-100,-100,-100,6
425,-78.0,-81.0,-100,-100,-88,-45.0,-100,-100,-100,-100,-100,-100,-100,-100,-100,-100,-100,6
426,-69.0,-74.0,-72,-100,-77,-41.0,-100,-84,-87,-100,-88,-88,-86,-89,-100,-100,-100,6
427,-70.0,-70.0,-74,-100,-87,-58.0,-100,-87,-89,-87,-88,-100,-100,-90,-91,-100,-100,6
428,-73.0,-70.0,-74,-84,-78,-53.0,-100,-90,-100,-100,-100,-84,-85,-100,-86,-100,-100,6
429,-67.0,-75.0,-77,-100,-79,-36.0,-100,-82,-85,-85,-85,-100,-86,-87,-85,-100,-100,6
430,-75.0,-67.0,-70,-81,-79,-43.0,-100,-85,-83,-84,-100,-82,-100,-84,-83,-100,-100,6
431,-71.0,-77.0,-79,-100,-84,-51.0,-100,-100,-100,-100,-100,-100,-86,-84,-86,-100,-100,6
432,-78.0,-71.81330472103004,-74,-83,-81,-42.0,-100,-85,-82,-100,-100,-77,-82,-100,-100,-100,-100,6
433,-68.0,-79.0,-67,-79,-100,-45.0,-100,-100,-100,-100,-100,-86,-100,-85,-87,-100,-100,6
434,-68.0,-75.0,-82,-86,-81,-49.0,-100,-83,-100,-82,-83,-83,-78,-84,-100,-100,-100,6
435,-73.0,-84.0,-78,-100,-87,-46.0,-100,-100,-100,-100,-100,-100,-100,-100,-100,-100,-100,6
436,-80.0,-81.0,-100,-100,-85,-41.0,-100,-100,-100,-100,-100,-100,-100,-100,-100,-100,-100,6
437,-75.0,-82.0,-78,-100,-83,-38.0,-100,-100,-100,-100,-100,-85,-86,-86,-86,-100,-100,6
438,-74.0,-82.0,-79,-100,-80,-53.0,-100,-100,-100,-100,-100,-100,-100,-100,-100,-100,-100,6
439,-70.0,-71.0,-78,-100,-86,-38.0,-100,-100,-100,-100,-100,-100,-100,-100,-100,-100,-100,6
440,-71.0,-76.0,-72,-100,-100,-49.0,-100,-100,-100,-100,-100,-100,-100,-100,-100,-100,-100,6
441,-67.0,-83.0,-71,-100,-79,-49.0,-100,-100,-100,-100,-100,-100,-100,-100,-100,-100,-100,6
442,-64.0,-71.0,-65,-100,-80,-39.0,-100,-100,-100,-87,-100,-100,-100,-100,-100,-100,-100,6
443,-68.0,-77.0,-67,-100,-78,-50.0,-100,-100,-100,-100,-100,-81,-81,-82,-82,-100,-100,6
444,-81.0,-71.0,-73,-100,-79,-61.0,-100,-88,-100,-100,-100,-83,-100,-86,-84,-100,-100,6
445,-62.0,-71.0,-70,-80,-73,-52.0,-100,-85,-83,-82,-82,-80,-80,-80,-79,-100,-100,6
446,-75.0,-69.0,-72,-81,-76,-52.0,-100,-85,-82,-100,-83,-85,-100,-85,-80,-100,-100,6
447,-69.0,-67.0,-68,-85,-83,-46.0,-100,-100,-100,-100,-100,-84,-84,-83,-86,-100,-100,6
448,-66.0,-64.0,-68,-83,-82,-55.0,-100,-100,-100,-100,-100,-79,-81,-80,-79,-100,-100,6
449,-71.0,-67.0,-62,-81,-71,-55.0,-100,-83,-100,-100,-82,-79,-79,-78,-80,-80,-100,6
450,-65.0,-78.0,-68,-100,-77,-51.0,-100,-88,-100,-100,-90,-86,-100,-100,-84,-100,-100,6
451,-76.0,-70.0,-77,-100,-85,-57.0,-100,-100,-100,-100,-100,-100,-100,-100,-100,-100,-100,6
452,-70.61158798283262,-65.0,-70,-100,-100,-55.0,-100,-100,-87,-87,-86,-87,-86,-83,-85,-100,-100,6
453,-67.0,-67.0,-69,-77,-74,-50.0,-100,-100,-100,-100,-100,-82,-81,-81,-82,-100,-100,6
454,-64.0,-72.0,-71,-100,-100,-57.0,-100,-100,-85,-85,-84,-85,-83,-79,-88,-100,-100,6
455,-68.0,-70.0,-78,-100,-100,-48.0,-100,-100,-100,-100,-100,-100,-100,-100,-100,-100,-100,6
456,-75.0,-76.0,-76,-100,-80,-49.0,-100,-100,-100,-100,-100,-90,-100,-100,-100,-100,-100,6
457,-62.0,-67.0,-100,-100,-100,-53.0,-100,-100,-85,-100,-100,-82,-100,-82,-83,-83,-100,6
458,-73.0,-70.0,-79,-100,-83,-59.0,-100,-100,-100,-100,-100,-100,-100,-100,-100,-100,-100,6
459,-70.0,-76.0,-73,-100,-100,-57.0,-100,-100,-89,-100,-100,-88,-100,-100,-100,-100,-100,6
460,-69.0,-78.0,-75,-100,-100,-59.0,-100,-100,-100,-100,-100,-82,-81,-80,-83,-100,-100,6
461,-63.0,-66.0,-64,-79,-82,-53.0,-100,-84,-100,-100,-84,-83,-86,-100,-84,-100,-100,6
462,-70.61158798283262,-71.0,-64,-100,-100,-50.0,-100,-84,-84,-83,-100,-79,-77,-78,-78,-87,-100,6
463,-68.0,-72.0,-71,-100,-87,-54.0,-100,-86,-86,-84,-86,-81,-84,-85,-82,-100,-100,6
464,-63.0,-70.0,-77,-100,-100,-51.0,-100,-87,-100,-86,-100,-85,-100,-100,-100,-100,-100,6
465,-66.0,-66.0,-67,-100,-72,-58.0,-100,-80,-79,-81,-82,-86,-100,-84,-84,-100,-100,6
