ID,Abyusif,abram Gad,STUDBME2,BMES_Secrelary,ESP32_One,Saeed,Sbme-Staff,CMP LAB1,CMP LAB2,CMP LAB3,CMP LAB4,CMP_LAB1,CMP_LAB2,CMP_LAB3,CMP_LAB4,Lab-admin,RehabLab,label
0,-100,-100,-59,-82,-85,-100,-100,-100,-100,-72,-100,-48,-48,-49,-50,-75.0,-65,2
1,-100,-83,-48,-77,-75,-100,-100,-100,-100,-100,-100,-46,-47,-47,-45,-73.0,-100,2
2,-90,-100,-52,-78,-72,-100,-100,-67,-66,-65,-67,-50,-51,-50,-52,-77.0,-69,2
3,-91,-88,-61,-74,-73,-100,-100,-70,-70,-70,-70,-50,-51,-53,-52,-77.0,-69,2
4,-100,-100,-57,-88,-85,-100,-100,-73,-74,-100,-100,-50,-50,-50,-50,-86.0,-70,2
5,-91,-84,-51,-80,-77,-100,-100,-70,-73,-69,-76,-55,-55,-54,-54,-78.0,-68,2
6,-100,-87,-49,-79,-76,-100,-100,-69,-67,-67,-67,-53,-56,-55,-55,-78.0,-64,2
7,-100,-100,-55,-83,-85,-100,-100,-73,-73,-75,-73,-69,-63,-70,-65,-79.0,-77,2
8,-100,-89,-58,-86,-90,-100,-100,-75,-75,-75,-74,-53,-54,-53,-53,-81.33080808080808,-70,2
9,-100,-100,-54,-76,-80,-100,-100,-65,-70,-68,-65,-56,-53,-56,-56,-79.0,-68,2
10,-100,-100,-49,-84,-84,-100,-100,-68,-72,-71,-71,-45,-47,-46,-48,-77.0,-66,2
11,-100,-100,-52,-81,-80,-100,-100,-69,-69,-69,-68,-54,-54,-52,-54,-81.0,-64,2
12,-91,-100,-48,-76,-77,-100,-100,-80,-79,-80,-74,-61,-60,-59,-58,-72.0,-68,2
13,-100,-100,-54,-83,-81,-100,-100,-68,-67,-67,-67,-64,-64,-64,-64,-78.0,-71,2
14,-92,-88,-50,-83,-81,-100,-100,-67,-68,-68,-67,-63,-64,-63,-64,-79.0,-72,2
15,-89,-87,-51,-81,-78,-100,-100,-63,-61,-63,-63,-62,-60,-62,-100,-78.0,-71,2
16,-100,-100,-52,-79,-75,-100,-100,-64,-63,-63,-64,-58,-58,-56,-55,-81.33080808080808,-69,2
17,-100,-100,-45,-75,-76,-100,-100,-69,-70,-70,-70,-50,-50,-49,-49,-76.0,-64,2
18,-100,-100,-45,-76,-72,-100,-100,-65,-65,-67,-66,-42,-42,-42,-42,-75.0,-60,2
19,-100,-88,-47,-83,-76,-100,-100,-66,-70,-72,-68,-43,-42,-42,-42,-74.0,-63,2
20,-89,-100,-47,-100,-72,-100,-100,-68,-64,-66,-66,-52,-49,-49,-48,-77.0,-65,2
21,-100,-100,-47,-79,-81,-100,-100,-65,-65,-61,-66,-49,-49,-49,-50,-68.0,-58,2
22,-100,-100,-45,-100,-100,-100,-100,-61,-62,-63,-61,-54,-53,-52,-55,-70.0,-65,2
23,-84,-78,-46,-71,-65,-100,-100,-68,-73,-70,-70,-46,-44,-46,-46,-69.0,-68,2
24,-100,-83,-51,-83,-72,-100,-100,-69,-69,-69,-70,-50,-50,-48,-50,-72.0,-63,2
25,-100,-88,-53,-79,-79,-100,-100,-74,-79,-78,-80,-61,-61,-61,-60,-81.0,-60,2
26,-90,-86,-55,-74,-73,-100,-100,-73,-70,-74,-73,-59,-59,-59,-57,-72.0,-72,2
27,-100,-82,-52,-77,-76,-100,-100,-66,-69,-67,-66,-58,-58,-58,-58,-74.0,-70,2
28,-88,-88,-50,-82,-82,-100,-100,-64,-63,-63,-64,-53,-50,-53,-53,-79.0,-71,2
29,-89,-89,-49,-100,-73,-100,-100,-66,-68,-100,-66,-57,-58,-57,-57,-74.0,-76,2
30,-89,-100,-54,-79,-78,-100,-100,-100,-64,-64,-72,-57,-57,-59,-59,-75.0,-64,2
31,-100,-84,-62,-84,-86,-100,-100,-68,-69,-69,-69,-57,-57,-59,-59,-72.0,-69,2
32,-91,-89,-44,-77,-74,-100,-100,-72,-71,-73,-73,-51,-50,-53,-55,-78.0,-63,2
33,-100,-90,-44,-74,-72,-100,-100,-72,-77,-64,-74,-60,-62,-63,-63,-74.0,-66,2
34,-91,-87,-46,-77,-72,-100,-100,-61,-64,-61,-61,-52,-53,-52,-53,-81.33080808080808,-67,2
35,-100,-88,-52,-83,-89,-100,-100,-72,-67,-66,-66,-53,-55,-51,-53,-81.33080808080808,-67,2
36,-100,-100,-54,-78,-85,-100,-100,-64,-64,-64,-64,-57,-55,-57,-60,-77.0,-74,2
37,-100,-85,-45,-66,-67,-100,-100,-66,-65,-65,-100,-54,-55,-55,-55,-74.0,-71,2
38,-87,-83,-51,-83,-74,-100,-100,-68,-67,-66,-65,-63,-61,-61,-63,-70.0,-73,2
39,-100,-100,-57,-100,-76,-100,-100,-74,-72,-69,-75,-53,-58,-62,-54,-81.33080808080808,-71,2
40,-92,-87,-49,-85,-77,-100,-100,-69,-70,-71,-70,-59,-61,-58,-58,-81.33080808080808,-72,2
41,-100,-100,-56,-82,-83,-100,-100,-76,-79,-75,-78,-53,-54,-54,-54,-80.0,-67,2
42,-88,-84,-50,-83,-80,-100,-100,-65,-65,-65,-65,-52,-51,-51,-56,-71.0,-60,2
43,-86,-100,-53,-73,-73,-100,-100,-61,-61,-61,-61,-58,-57,-57,-56,-79.0,-69,2
44,-89,-100,-57,-75,-81,-100,-100,-62,-62,-63,-62,-56,-55,-56,-59,-81.33080808080808,-66,2
45,-100,-91,-51,-73,-73,-100,-100,-74,-73,-73,-73,-58,-58,-55,-54,-84.0,-70,2
46,-100,-100,-53,-82,-82,-100,-100,-68,-68,-68,-68,-44,-44,-44,-44,-81.33080808080808,-65,2
47,-100,-100,-58,-87,-81,-100,-100,-100,-100,-100,-100,-43,-43,-43,-46,-81.33080808080808,-64,2
48,-100,-100,-52,-80,-79,-100,-100,-69,-69,-68,-100,-44,-46,-45,-44,-81.33080808080808,-65,2
49,-100,-100,-60,-80,-81,-100,-100,-70,-67,-70,-70,-43,-44,-44,-44,-81.33080808080808,-66,2
50,-100,-100,-56,-87,-78,-100,-100,-72,-72,-72,-71,-51,-51,-51,-51,-79.0,-71,2
51,-100,-100,-53,-80,-78,-100,-100,-73,-75,-77,-74,-56,-55,-54,-54,-81.33080808080808,-62,2
52,-100,-100,-61,-81,-78,-100,-100,-76,-76,-75,-77,-46,-45,-45,-45,-82.0,-68,2
53,-89,-100,-47,-72,-77,-100,-100,-62,-61,-61,-61,-50,-50,-51,-49,-69.0,-100,2
54,-100,-100,-49,-73,-72,-100,-100,-64,-64,-64,-64,-54,-53,-54,-53,-80.0,-57,2
55,-100,-83,-58,-81,-79,-100,-100,-69,-69,-68,-69,-47,-48,-46,-48,-75.0,-69,2
56,-90,-88,-55,-74,-80,-100,-100,-77,-75,-76,-76,-55,-57,-57,-55,-81.33080808080808,-68,2
57,-100,-100,-63,-88,-90,-100,-100,-77,-75,-75,-74,-54,-54,-54,-54,-79.0,-67,2
58,-100,-88,-59,-83,-81,-100,-100,-71,-72,-74,-74,-50,-51,-50,-51,-77.0,-63,2
59,-88,-87,-48,-86,-86,-100,-100,-68,-68,-67,-71,-61,-62,-61,-61,-73.0,-73,2
60,-90,-87,-51,-84,-78,-100,-100,-78,-76,-78,-100,-53,-53,-58,-57,-78.0,-74,2
61,-85,-100,-57,-78,-81,-100,-100,-72,-71,-73,-73,-51,-51,-51,-51,-78.0,-71,2
62,-89,-87,-56,-80,-80,-100,-100,-73,-75,-74,-100,-52,-51,-53,-50,-81.33080808080808,-72,2
63,-100,-100,-60,-100,-79,-100,-100,-100,-75,-70,-75,-61,-63,-63,-60,-78.0,-69,2
64,-100,-100,-49,-79,-77,-100,-100,-72,-67,-69,-70,-58,-58,-59,-58,-73.0,-65,2
65,-100,-100,-58,-100,-76,-100,-100,-72,-71,-70,-71,-58,-58,-56,-56,-71.0,-68,2
66,-100,-100,-51,-100,-84,-100,-100,-71,-78,-75,-100,-52,-52,-54,-52,-78.0,-67,2
67,-100,-100,-48,-79,-82,-100,-100,-100,-73,-72,-74,-53,-51,-52,-54,-76.0,-62,2
68,-100,-100,-50,-76,-85,-100,-100,-71,-71,-70,-70,-51,-50,-51,-51,-75.0,-64,2
69,-100,-88,-49,-80,-76,-100,-100,-74,-100,-69,-68,-48,-49,-48,-49,-73.0,-64,2
70,-100,-100,-48,-75,-74,-100,-100,-71,-71,-69,-72,-54,-53,-54,-54,-73.0,-66,2
71,-100,-100,-51,-80,-77,-100,-100,-73,-73,-72,-71,-53,-50,-53,-53,-77.0,-66,2
72,-88,-100,-48,-80,-78,-100,-100,-71,-68,-69,-67,-54,-54,-52,-52,-80.0,-67,2
73,-100,-100,-51,-76,-74,-100,-100,-72,-71,-72,-71,-55,-55,-54,-54,-76.0,-64,2
74,-100,-100,-55,-78,-75,-100,-100,-68,-69,-72,-66,-56,-57,-55,-58,-77.0,-69,2
75,-90,-84,-57,-79,-73,-100,-100,-65,-65,-64,-64,-47,-47,-47,-46,-73.0,-61,2
76,-90,-100,-52,-77,-74,-100,-100,-66,-66,-65,-65,-43,-44,-43,-43,-79.0,-67,2
77,-92,-85,-50,-76,-75,-100,-100,-67,-67,-66,-66,-42,-42,-43,-42,-81.33080808080808,-67,2
78,-100,-86,-45,-81,-76,-100,-100,-62,-65,-63,-69,-57,-56,-57,-56,-69.0,-67,2
79,-88,-85,-50,-72,-73,-100,-100,-71,-71,-71,-71,-43,-43,-43,-42,-73.0,-54,2
80,-83,-89,-54,-78,-80,-100,-100,-72,-73,-75,-74,-53,-54,-54,-53,-81.33080808080808,-71,2
81,-100,-91,-49,-82,-72,-100,-100,-73,-72,-72,-70,-52,-52,-53,-52,-81.0,-76,2
82,-90,-100,-52,-78,-75,-100,-100,-100,-71,-73,-80,-43,-43,-46,-43,-83.0,-63,2
83,-100,-100,-53,-82,-75,-100,-100,-100,-82,-100,-100,-49,-49,-49,-49,-81.33080808080808,-60,2
84,-100,-100,-54,-88,-77,-100,-100,-78,-79,-100,-79,-51,-53,-53,-52,-81.33080808080808,-62,2
85,-100,-100,-63,-83,-76,-100,-100,-78,-77,-100,-100,-46,-47,-47,-48,-81.0,-64,2
86,-100,-100,-59,-87,-77,-100,-100,-75,-100,-75,-75,-50,-49,-47,-48,-80.0,-65,2
87,-100,-100,-57,-88,-83,-100,-100,-80,-81,-80,-80,-48,-49,-47,-48,-81.33080808080808,-75,2
88,-100,-100,-61,-88,-83,-100,-100,-72,-79,-100,-72,-46,-46,-47,-44,-77.0,-65,2
89,-83,-88,-48,-84,-75,-100,-100,-75,-74,-75,-74,-48,-50,-50,-48,-81.33080808080808,-64,2
90,-82,-100,-54,-100,-82,-100,-100,-68,-100,-66,-68,-45,-47,-49,-46,-72.0,-67,2
91,-93,-78,-48,-84,-75,-100,-100,-62,-62,-61,-61,-52,-64,-54,-53,-78.0,-66,2
92,-100,-100,-51,-81,-78,-100,-100,-72,-73,-70,-71,-48,-47,-47,-47,-74.0,-62,2
93,-100,-89,-47,-82,-77,-100,-100,-65,-66,-65,-66,-47,-48,-49,-47,-77.0,-61,2
94,-90,-86,-46,-80,-77,-100,-100,-67,-67,-67,-69,-50,-47,-47,-50,-81.33080808080808,-61,2
95,-100,-89,-46,-79,-82,-100,-100,-67,-67,-67,-67,-47,-47,-48,-47,-81.33080808080808,-61,2
96,-100,-86,-50,-79,-81,-100,-100,-66,-67,-67,-67,-47,-47,-47,-50,-81.33080808080808,-61,2
97,-100,-84,-54,-81,-74,-100,-100,-69,-67,-67,-68,-50,-47,-47,-50,-81.33080808080808,-62,2
98,-100,-86,-56,-79,-78,-100,-100,-68,-67,-67,-72,-50,-50,-47,-50,-81.33080808080808,-100,2
99,-89,-91,-48,-80,-78,-100,-100,-67,-66,-67,-67,-50,-47,-52,-47,-81.33080808080808,-62,2
100,-88,-100,-48,-85,-81,-100,-100,-66,-67,-66,-66,-50,-48,-47,-50,-81.33080808080808,-62,2
101,-90,-100,-49,-80,-77,-100,-100,-67,-67,-67,-67,-50,-50,-47,-48,-81.33080808080808,-62,2
102,-100,-90,-55,-77,-79,-100,-100,-67,-67,-67,-67,-49,-49,-48,-50,-81.33080808080808,-63,2
103,-100,-87,-45,-80,-75,-100,-100,-66,-67,-67,-68,-47,-48,-50,-47,-81.33080808080808,-61,2
104,-100,-100,-55,-81,-75,-100,-100,-67,-67,-66,-67,-47,-47,-47,-49,-81.33080808080808,-60,2
105,-90,-86,-48,-77,-76,-100,-100,-67,-67,-68,-67,-47,-47,-48,-50,-81.33080808080808,-61,2
106,-90,-87,-48,-79,-78,-100,-100,-67,-67,-67,-67,-50,-50,-50,-47,-81.33080808080808,-62,2
107,-100,-87,-55,-75,-75,-100,-100,-67,-67,-67,-68,-47,-49,-50,-50,-81.33080808080808,-62,2
108,-100,-100,-55,-80,-73,-100,-100,-66,-69,-66,-67,-47,-50,-50,-47,-81.33080808080808,-62,2
109,-92,-87,-55,-79,-74,-100,-100,-67,-66,-67,-67,-50,-49,-47,-50,-81.33080808080808,-62,2
110,-100,-87,-48,-78,-81,-100,-100,-66,-67,-67,-67,-47,-47,-47,-47,-81.33080808080808,-62,2
111,-100,-84,-48,-79,-76,-100,-100,-67,-67,-67,-67,-48,-50,-51,-47,-81.33080808080808,-62,2
112,-100,-85,-48,-78,-77,-100,-100,-68,-66,-67,-67,-47,-47,-47,-47,-81.33080808080808,-62,2
113,-100,-86,-56,-77,-80,-100,-100,-67,-67,-69,-67,-50,-50,-50,-50,-81.33080808080808,-62,2
114,-89,-87,-56,-80,-76,-100,-100,-67,-67,-66,-67,-47,-49,-50,-47,-81.33080808080808,-62,2
115,-88,-100,-54,-80,-75,-100,-100,-73,-67,-63,-67,-47,-48,-47,-47,-81.33080808080808,-62,2
116,-89,-89,-49,-80,-78,-100,-100,-100,-67,-67,-67,-50,-50,-50,-50,-81.33080808080808,-62,2
117,-89,-87,-48,-79,-77,-100,-100,-66,-67,-67,-67,-48,-47,-47,-47,-81.33080808080808,-62,2
118,-89,-88,-45,-78,-77,-100,-100,-67,-68,-67,-67,-47,-50,-50,-50,-81.33080808080808,-62,2
119,-88,-87,-55,-80,-87,-100,-100,-68,-68,-67,-67,-50,-47,-47,-47,-81.33080808080808,-62,2
120,-92,-90,-56,-81,-80,-100,-100,-68,-68,-67,-69,-47,-47,-50,-47,-81.33080808080808,-63,2
121,-90,-86,-48,-77,-76,-100,-100,-73,-67,-67,-68,-47,-47,-47,-49,-81.33080808080808,-61,2
122,-88,-86,-48,-82,-80,-100,-100,-67,-67,-67,-67,-49,-47,-47,-47,-81.33080808080808,-62,2
123,-89,-91,-48,-80,-76,-100,-100,-66,-67,-67,-68,-49,-50,-47,-47,-81.33080808080808,-63,2
124,-100,-90,-47,-78,-77,-100,-100,-68,-66,-67,-67,-47,-50,-47,-47,-81.33080808080808,-62,2
125,-89,-88,-48,-77,-77,-100,-100,-67,-67,-67,-67,-50,-47,-47,-47,-81.33080808080808,-62,2
126,-91,-89,-48,-78,-77,-100,-100,-67,-67,-68,-67,-47,-47,-48,-50,-81.33080808080808,-61,2
127,-88,-100,-48,-79,-77,-100,-100,-67,-67,-67,-67,-47,-48,-50,-50,-81.33080808080808,-62,2
128,-89,-100,-48,-78,-82,-100,-100,-67,-68,-68,-68,-50,-47,-50,-47,-81.33080808080808,-62,2
129,-90,-90,-45,-81,-78,-100,-100,-66,-69,-66,-67,-50,-51,-50,-50,-81.33080808080808,-63,2
130,-85,-87,-55,-80,-82,-100,-100,-68,-67,-67,-67,-47,-50,-47,-51,-81.33080808080808,-62,2
131,-90,-87,-56,-81,-75,-100,-100,-67,-67,-68,-68,-48,-47,-48,-47,-81.33080808080808,-62,2
132,-88,-86,-54,-83,-76,-100,-100,-72,-67,-67,-67,-50,-50,-50,-50,-76.0,-63,2
133,-100,-100,-46,-81,-80,-100,-100,-69,-66,-67,-69,-50,-50,-47,-47,-76.0,-62,2
134,-100,-90,-47,-83,-77,-100,-100,-68,-69,-69,-68,-47,-48,-47,-47,-79.0,-100,2
135,-90,-86,-45,-79,-76,-100,-100,-68,-67,-66,-71,-47,-47,-50,-47,-74.0,-63,2
136,-88,-90,-49,-77,-71,-100,-100,-66,-68,-69,-66,-53,-54,-51,-53,-71.0,-68,2
137,-100,-88,-48,-80,-79,-100,-100,-71,-71,-71,-71,-48,-48,-49,-49,-71.0,-62,2
138,-93,-87,-45,-83,-79,-100,-100,-73,-73,-73,-73,-49,-50,-50,-50,-72.0,-100,2
139,-92,-85,-45,-82,-82,-100,-100,-72,-71,-70,-72,-50,-50,-50,-50,-69.0,-67,2
140,-92,-87,-44,-80,-78,-100,-100,-71,-71,-72,-71,-47,-47,-46,-46,-68.0,-65,2
141,-100,-91,-44,-82,-80,-100,-100,-72,-74,-74,-71,-47,-49,-49,-48,-73.0,-68,2
142,-92,-85,-45,-79,-75,-100,-100,-66,-65,-65,-66,-60,-60,-59,-60,-76.0,-65,2
143,-100,-78,-45,-77,-64,-100,-100,-63,-64,-64,-64,-49,-50,-49,-47,-81.33080808080808,-71,2
144,-92,-100,-54,-79,-76,-100,-100,-71,-68,-68,-70,-51,-50,-50,-51,-76.0,-61,2
145,-100,-83,-53,-72,-73,-100,-100,-65,-65,-65,-65,-43,-47,-44,-43,-64.0,-63,2
146,-100,-100,-50,-74,-70,-100,-100,-68,-67,-67,-68,-44,-44,-43,-43,-67.0,-64,2
147,-86,-84,-45,-76,-77,-100,-100,-63,-63,-63,-64,-48,-48,-48,-48,-70.0,-65,2
148,-100,-86,-52,-76,-80,-100,-100,-68,-68,-68,-68,-48,-49,-47,-48,-76.0,-58,2
149,-100,-100,-52,-83,-77,-100,-100,-66,-67,-67,-66,-50,-50,-50,-51,-73.0,-64,2
150,-87,-100,-41,-73,-73,-100,-100,-72,-72,-72,-72,-50,-50,-51,-48,-72.0,-69,2
151,-88,-83,-43,-73,-72,-100,-100,-74,-76,-77,-76,-53,-52,-52,-52,-75.0,-100,2
152,-89,-89,-42,-71,-81,-100,-100,-74,-77,-78,-77,-54,-52,-53,-54,-75.0,-100,2
153,-100,-100,-44,-71,-72,-100,-100,-77,-77,-78,-77,-51,-51,-52,-52,-71.0,-70,2
154,-90,-100,-44,-73,-73,-100,-100,-100,-74,-100,-100,-57,-58,-56,-57,-74.0,-65,2
155,-100,-86,-47,-76,-79,-100,-100,-100,-71,-72,-71,-55,-55,-56,-56,-72.0,-65,2
156,-86,-88,-43,-76,-73,-100,-100,-71,-71,-74,-74,-58,-58,-58,-56,-78.0,-100,2
157,-100,-100,-50,-77,-74,-100,-100,-73,-73,-73,-73,-44,-47,-46,-46,-77.0,-62,2
158,-100,-100,-44,-82,-71,-100,-100,-70,-69,-70,-70,-42,-43,-42,-42,-76.0,-65,2
159,-89,-83,-40,-84,-71,-100,-100,-69,-70,-70,-70,-47,-46,-47,-47,-81.33080808080808,-64,2
160,-100,-83,-39,-83,-70,-100,-100,-69,-69,-70,-68,-43,-47,-47,-47,-81.33080808080808,-64,2
161,-91,-100,-39,-84,-72,-100,-100,-70,-71,-70,-70,-45,-43,-46,-43,-81.33080808080808,-64,2
162,-100,-85,-39,-82,-71,-100,-100,-71,-70,-70,-70,-48,-50,-49,-49,-81.33080808080808,-100,2
163,-100,-89,-39,-84,-72,-100,-100,-70,-70,-69,-69,-43,-43,-46,-43,-78.0,-64,2
164,-100,-84,-39,-80,-72,-100,-100,-71,-71,-71,-70,-46,-47,-46,-42,-81.33080808080808,-64,2
165,-100,-100,-39,-88,-72,-100,-100,-69,-69,-69,-70,-43,-42,-43,-48,-81.33080808080808,-100,2
166,-100,-83,-39,-100,-71,-100,-100,-70,-69,-70,-70,-43,-47,-47,-47,-81.33080808080808,-64,2
167,-100,-84,-39,-100,-72,-100,-100,-69,-70,-70,-70,-43,-47,-45,-47,-81.33080808080808,-63,2
168,-100,-85,-43,-85,-73,-100,-100,-69,-69,-69,-70,-47,-46,-47,-47,-81.33080808080808,-63,2
169,-100,-82,-44,-86,-73,-100,-100,-68,-70,-70,-70,-43,-46,-46,-46,-78.0,-64,2
170,-100,-83,-40,-89,-73,-100,-100,-70,-69,-69,-70,-45,-43,-45,-46,-75.0,-64,2
171,-100,-100,-44,-100,-72,-100,-100,-69,-69,-70,-69,-45,-43,-44,-45,-81.33080808080808,-63,2
172,-100,-82,-43,-87,-76,-100,-100,-69,-69,-69,-69,-43,-43,-45,-46,-76.0,-62,2
173,-100,-83,-39,-80,-74,-100,-100,-69,-71,-70,-71,-45,-48,-47,-47,-81.33080808080808,-63,2
174,-100,-100,-41,-82,-73,-100,-100,-70,-70,-70,-69,-46,-45,-45,-47,-77.0,-65,2
175,-85,-90,-47,-79,-77,-100,-100,-66,-66,-66,-66,-43,-46,-47,-46,-71.0,-61,2
176,-84,-87,-41,-81,-73,-100,-100,-72,-70,-70,-72,-50,-50,-50,-50,-72.0,-66,2
177,-85,-91,-50,-79,-76,-100,-100,-73,-70,-73,-72,-54,-53,-53,-54,-76.0,-59,2
178,-88,-100,-43,-78,-71,-100,-100,-67,-66,-68,-68,-58,-58,-58,-58,-68.0,-54,2
179,-100,-100,-45,-74,-71,-100,-100,-71,-69,-70,-70,-48,-48,-47,-47,-74.0,-64,2
180,-100,-100,-54,-84,-90,-100,-100,-76,-100,-74,-77,-44,-43,-44,-44,-70.0,-64,2
181,-89,-88,-53,-80,-76,-100,-100,-71,-70,-70,-70,-43,-42,-43,-42,-81.33080808080808,-60,2
182,-87,-85,-48,-79,-80,-100,-100,-68,-68,-68,-68,-50,-50,-50,-49,-69.0,-66,2
183,-88,-88,-47,-82,-72,-100,-100,-67,-72,-72,-71,-52,-54,-55,-54,-71.0,-74,2
184,-100,-100,-48,-83,-72,-100,-100,-74,-71,-71,-71,-45,-45,-44,-44,-78.0,-57,2
185,-89,-100,-55,-81,-78,-100,-100,-66,-67,-66,-66,-50,-51,-51,-51,-71.0,-64,2
186,-100,-90,-50,-76,-69,-100,-100,-64,-64,-64,-64,-54,-55,-53,-55,-68.0,-64,2
187,-87,-100,-51,-81,-76,-100,-100,-72,-72,-72,-72,-56,-54,-54,-55,-74.0,-63,2
188,-91,-100,-56,-83,-79,-100,-100,-71,-71,-72,-71,-46,-46,-46,-46,-81.33080808080808,-74,2
189,-100,-100,-59,-84,-81,-100,-100,-75,-75,-75,-76,-49,-50,-49,-49,-81.0,-59,2
190,-100,-87,-52,-80,-74,-100,-100,-74,-73,-72,-76,-61,-62,-61,-61,-73.0,-68,2
191,-100,-91,-44,-74,-73,-100,-100,-69,-69,-69,-68,-54,-53,-56,-55,-72.0,-74,2
192,-87,-79,-51,-77,-77,-100,-100,-65,-66,-68,-68,-61,-62,-58,-57,-71.0,-67,2
193,-90,-89,-47,-85,-85,-100,-100,-75,-75,-75,-74,-54,-51,-51,-51,-76.0,-77,2
194,-100,-86,-51,-83,-79,-100,-100,-74,-75,-74,-74,-51,-52,-51,-52,-79.0,-74,2
195,-100,-86,-44,-83,-82,-100,-100,-75,-74,-75,-75,-54,-54,-54,-54,-80.0,-73,2
196,-92,-88,-51,-84,-84,-100,-100,-76,-75,-76,-75,-54,-54,-54,-54,-80.0,-72,2
197,-87,-87,-50,-83,-82,-100,-100,-75,-75,-76,-75,-51,-51,-52,-51,-80.0,-73,2
198,-84,-88,-46,-83,-83,-100,-100,-78,-77,-75,-76,-53,-54,-54,-54,-80.0,-73,2
199,-85,-80,-50,-100,-80,-100,-100,-75,-73,-74,-73,-49,-52,-52,-50,-81.0,-74,2
200,-89,-100,-49,-81,-78,-100,-100,-69,-63,-65,-63,-62,-61,-63,-60,-68.0,-66,2
201,-100,-100,-51,-82,-72,-100,-100,-76,-77,-76,-76,-58,-60,-60,-59,-76.0,-62,2
202,-100,-100,-52,-84,-79,-100,-100,-77,-75,-78,-77,-59,-58,-60,-60,-80.0,-61,2
203,-100,-100,-54,-87,-76,-100,-100,-80,-78,-83,-100,-60,-59,-59,-59,-75.0,-59,2
204,-100,-100,-51,-83,-78,-100,-100,-78,-78,-78,-77,-60,-59,-59,-60,-80.0,-62,2
205,-100,-90,-53,-89,-77,-100,-100,-75,-74,-73,-73,-59,-54,-54,-54,-79.0,-58,2
206,-93,-100,-50,-85,-76,-100,-100,-74,-74,-74,-74,-59,-60,-59,-60,-79.0,-62,2
207,-90,-100,-51,-85,-77,-100,-100,-74,-74,-74,-74,-58,-59,-59,-59,-80.0,-62,2
208,-100,-100,-49,-86,-77,-100,-100,-74,-74,-73,-74,-59,-60,-58,-59,-80.0,-63,2
209,-100,-92,-56,-88,-77,-100,-100,-74,-74,-74,-74,-58,-60,-59,-59,-80.0,-62,2
210,-100,-100,-53,-86,-76,-100,-100,-74,-74,-74,-74,-60,-60,-59,-59,-77.0,-61,2
211,-100,-100,-49,-87,-78,-100,-100,-74,-74,-74,-74,-60,-58,-59,-59,-78.0,-62,2
212,-100,-90,-51,-89,-76,-100,-100,-75,-74,-74,-75,-60,-60,-60,-60,-80.0,-63,2
213,-91,-89,-51,-86,-73,-100,-100,-70,-74,-74,-74,-60,-60,-58,-59,-80.0,-62,2
214,-100,-100,-50,-87,-76,-100,-100,-74,-75,-74,-74,-58,-59,-58,-59,-80.0,-62,2
215,-93,-92,-49,-87,-76,-100,-100,-73,-76,-73,-74,-59,-60,-59,-59,-80.0,-100,2
216,-91,-100,-50,-84,-75,-100,-100,-74,-74,-74,-74,-58,-59,-59,-58,-80.0,-62,2
217,-92,-93,-50,-88,-76,-100,-100,-80,-79,-81,-79,-58,-59,-58,-58,-78.0,-63,2
218,-100,-100,-50,-86,-76,-100,-100,-78,-79,-79,-80,-58,-59,-59,-60,-80.0,-59,2
219,-92,-89,-51,-87,-78,-100,-100,-76,-77,-77,-77,-60,-59,-59,-59,-79.0,-62,2
220,-100,-90,-51,-86,-78,-100,-100,-77,-77,-76,-76,-60,-59,-60,-60,-79.0,-62,2
221,-100,-90,-50,-85,-76,-100,-100,-76,-77,-77,-76,-59,-59,-59,-59,-80.0,-58,2
222,-100,-90,-51,-87,-76,-100,-100,-77,-76,-76,-77,-61,-61,-61,-62,-81.0,-63,2
223,-92,-92,-52,-88,-76,-100,-100,-77,-77,-77,-76,-59,-58,-59,-59,-81.33080808080808,-63,2
224,-100,-100,-50,-87,-77,-100,-100,-77,-77,-76,-76,-59,-58,-59,-59,-77.0,-63,2
225,-95,-91,-50,-85,-78,-100,-100,-76,-77,-77,-75,-59,-60,-59,-59,-77.0,-62,2
226,-92,-90,-50,-87,-77,-100,-100,-76,-76,-77,-76,-60,-59,-58,-58,-73.0,-63,2
227,-100,-100,-53,-85,-77,-100,-100,-75,-75,-75,-75,-59,-59,-59,-58,-77.0,-60,2
228,-100,-83,-48,-91,-76,-100,-100,-69,-66,-68,-67,-58,-56,-57,-61,-73.0,-69,2
229,-87,-91,-43,-80,-73,-100,-100,-69,-73,-73,-72,-51,-52,-54,-54,-77.0,-65,2
230,-100,-88,-60,-80,-81,-100,-100,-75,-75,-75,-76,-45,-46,-45,-46,-81.33080808080808,-57,2
231,-100,-89,-59,-100,-81,-100,-100,-70,-72,-73,-73,-50,-48,-49,-51,-78.0,-58,2
232,-100,-100,-64,-88,-88,-100,-100,-72,-74,-73,-73,-52,-52,-50,-52,-78.0,-63,2
233,-87,-100,-55,-81,-76,-100,-100,-71,-71,-71,-73,-53,-53,-56,-53,-77.0,-63,2
234,-87,-89,-48,-81,-84,-100,-100,-70,-70,-69,-100,-51,-51,-52,-51,-77.0,-63,2
235,-89,-86,-48,-85,-77,-100,-100,-69,-68,-69,-69,-50,-51,-51,-50,-73.0,-63,2
236,-88,-88,-43,-81,-73,-100,-100,-69,-68,-69,-68,-49,-48,-49,-50,-77.0,-64,2
237,-87,-100,-44,-83,-79,-100,-100,-68,-70,-68,-68,-51,-50,-51,-50,-72.0,-63,2
238,-92,-92,-43,-79,-73,-100,-100,-77,-76,-76,-76,-55,-58,-56,-59,-73.0,-66,2
239,-100,-100,-45,-85,-80,-100,-100,-68,-68,-68,-68,-49,-49,-47,-49,-76.0,-61,2
240,-86,-100,-42,-82,-78,-100,-100,-72,-73,-71,-72,-49,-50,-48,-48,-71.0,-67,2
241,-89,-100,-45,-84,-77,-100,-100,-73,-71,-73,-72,-48,-47,-48,-47,-71.0,-65,2
242,-89,-100,-43,-87,-76,-100,-100,-73,-73,-73,-74,-47,-47,-48,-48,-69.0,-65,2
243,-100,-100,-43,-84,-80,-100,-100,-74,-74,-74,-74,-47,-48,-48,-48,-71.0,-65,2
244,-94,-100,-43,-83,-84,-100,-100,-73,-73,-73,-73,-48,-48,-48,-48,-69.0,-66,2
245,-89,-100,-43,-78,-80,-100,-100,-73,-74,-73,-74,-48,-47,-45,-47,-70.0,-66,2
246,-91,-92,-46,-88,-83,-100,-100,-73,-72,-73,-73,-48,-48,-48,-48,-70.0,-65,2
247,-100,-100,-45,-82,-81,-100,-100,-72,-73,-73,-73,-47,-48,-48,-48,-71.0,-65,2
248,-89,-100,-45,-80,-80,-100,-100,-72,-73,-73,-73,-48,-48,-47,-48,-70.0,-65,2
249,-89,-100,-46,-82,-78,-100,-100,-72,-73,-73,-73,-47,-47,-47,-48,-71.0,-100,2
250,-89,-100,-45,-80,-79,-100,-100,-73,-73,-73,-71,-47,-47,-47,-47,-71.0,-65,2
251,-88,-100,-46,-82,-78,-100,-100,-72,-73,-73,-73,-47,-48,-47,-46,-71.0,-65,2
252,-89,-100,-44,-83,-76,-100,-100,-75,-72,-74,-74,-47,-47,-47,-47,-70.0,-67,2
253,-88,-100,-43,-82,-80,-100,-100,-73,-73,-73,-73,-47,-47,-47,-46,-72.0,-65,2
254,-90,-100,-43,-84,-83,-100,-100,-73,-73,-73,-73,-48,-47,-47,-45,-71.0,-66,2
255,-89,-100,-43,-85,-84,-100,-100,-72,-73,-73,-73,-47,-48,-48,-48,-72.0,-66,2
256,-88,-100,-45,-81,-78,-100,-100,-72,-72,-72,-73,-44,-48,-47,-47,-72.0,-65,2
257,-89,-100,-43,-82,-76,-100,-100,-72,-75,-72,-70,-55,-57,-56,-56,-72.0,-65,2
258,-87,-89,-46,-66,-82,-100,-100,-65,-64,-64,-64,-53,-50,-50,-50,-66.0,-62,2
259,-88,-89,-42,-81,-76,-100,-100,-75,-75,-75,-74,-50,-53,-53,-53,-71.0,-66,2
260,-85,-83,-43,-78,-76,-100,-100,-64,-65,-64,-65,-49,-49,-49,-49,-71.0,-66,2
261,-86,-85,-44,-76,-74,-100,-100,-63,-65,-65,-63,-43,-46,-48,-42,-69.0,-71,2
262,-100,-100,-49,-82,-74,-100,-100,-74,-69,-71,-73,-44,-47,-47,-48,-73.0,-69,2
263,-100,-100,-50,-87,-73,-100,-100,-73,-73,-73,-73,-50,-50,-50,-51,-76.0,-70,2
264,-100,-100,-51,-87,-77,-100,-100,-74,-74,-74,-73,-48,-48,-50,-50,-77.0,-71,2
265,-100,-89,-53,-84,-77,-100,-100,-77,-73,-75,-74,-48,-47,-47,-47,-77.0,-100,2
266,-100,-88,-52,-100,-75,-100,-100,-76,-79,-77,-74,-47,-50,-47,-49,-78.0,-76,2
267,-100,-100,-51,-85,-76,-100,-100,-76,-77,-77,-76,-50,-50,-50,-48,-78.0,-71,2
268,-100,-100,-50,-88,-75,-100,-100,-73,-74,-73,-74,-47,-48,-50,-50,-76.0,-70,2
269,-100,-100,-52,-100,-80,-100,-100,-100,-73,-74,-74,-47,-48,-48,-50,-81.33080808080808,-75,2
270,-100,-82,-51,-84,-75,-100,-100,-78,-75,-74,-75,-50,-48,-48,-48,-78.0,-72,2
271,-89,-76,-51,-88,-77,-100,-100,-73,-73,-73,-73,-48,-51,-47,-48,-75.0,-100,2
272,-100,-77,-52,-100,-78,-100,-100,-73,-73,-73,-73,-46,-48,-48,-50,-74.0,-70,2
273,-88,-77,-50,-100,-79,-100,-100,-74,-74,-75,-76,-50,-50,-50,-50,-77.0,-70,2
274,-88,-100,-51,-86,-75,-100,-100,-72,-72,-72,-72,-48,-50,-50,-50,-81.33080808080808,-71,2
275,-100,-84,-52,-88,-81,-100,-100,-100,-76,-100,-76,-50,-49,-50,-50,-78.0,-69,2
276,-84,-100,-53,-86,-76,-100,-100,-73,-72,-73,-73,-50,-50,-48,-48,-81.33080808080808,-71,2
277,-86,-85,-53,-90,-77,-100,-100,-74,-73,-75,-74,-51,-46,-50,-48,-81.33080808080808,-69,2
278,-86,-84,-53,-85,-77,-100,-100,-75,-75,-77,-74,-50,-50,-50,-48,-77.0,-70,2
279,-93,-82,-50,-91,-78,-100,-100,-72,-72,-72,-72,-49,-49,-50,-50,-81.33080808080808,-70,2
280,-90,-82,-50,-87,-78,-100,-100,-100,-77,-78,-79,-48,-50,-48,-48,-81.33080808080808,-70,2
281,-91,-84,-51,-85,-77,-100,-100,-73,-73,-73,-73,-47,-48,-48,-48,-77.0,-68,2
282,-90,-100,-53,-87,-78,-100,-100,-72,-73,-73,-73,-50,-50,-50,-50,-76.0,-70,2
283,-100,-100,-52,-88,-77,-100,-100,-78,-76,-76,-75,-50,-50,-48,-50,-76.0,-69,2
284,-87,-100,-53,-100,-77,-100,-100,-100,-75,-75,-74,-48,-48,-50,-48,-75.0,-70,2
285,-89,-100,-51,-88,-76,-100,-100,-75,-75,-75,-74,-50,-48,-48,-48,-75.0,-100,2
286,-100,-87,-52,-100,-82,-100,-100,-74,-74,-74,-74,-47,-48,-48,-48,-74.0,-67,2
287,-89,-100,-50,-87,-79,-100,-100,-76,-74,-74,-100,-50,-50,-50,-50,-77.0,-70,2
288,-89,-100,-51,-93,-77,-100,-100,-73,-70,-73,-74,-50,-50,-50,-50,-79.0,-70,2
289,-87,-100,-52,-100,-77,-100,-100,-73,-75,-74,-73,-50,-47,-48,-47,-78.0,-69,2
290,-89,-100,-53,-100,-77,-100,-100,-73,-74,-73,-75,-48,-50,-48,-47,-81.33080808080808,-70,2
291,-90,-100,-51,-100,-78,-100,-100,-71,-72,-72,-72,-50,-48,-49,-48,-81.33080808080808,-66,2
292,-90,-100,-52,-100,-80,-100,-100,-72,-72,-72,-72,-50,-48,-50,-50,-81.33080808080808,-68,2
293,-90,-100,-52,-100,-77,-100,-100,-72,-72,-72,-72,-49,-50,-50,-50,-81.33080808080808,-70,2
294,-86,-100,-52,-100,-77,-100,-100,-72,-72,-100,-72,-50,-50,-51,-48,-79.0,-69,2
295,-87,-100,-52,-100,-77,-100,-100,-100,-100,-79,-100,-50,-48,-50,-50,-81.33080808080808,-69,2
296,-90,-100,-55,-100,-77,-100,-100,-70,-100,-73,-69,-49,-50,-49,-50,-76.0,-69,2
297,-90,-93,-54,-83,-75,-100,-100,-100,-100,-71,-69,-47,-49,-50,-47,-81.33080808080808,-65,2
298,-100,-90,-54,-100,-80,-100,-100,-77,-72,-73,-71,-48,-47,-47,-47,-81.33080808080808,-73,2
299,-89,-87,-61,-77,-74,-100,-100,-69,-68,-71,-70,-52,-50,-51,-50,-74.0,-70,2
300,-90,-100,-59,-89,-76,-100,-100,-70,-72,-70,-70,-50,-50,-50,-50,-80.0,-65,2
301,-91,-100,-55,-86,-75,-100,-100,-73,-71,-100,-71,-47,-50,-49,-49,-77.0,-63,2
302,-89,-89,-51,-82,-80,-100,-100,-68,-68,-70,-70,-49,-47,-48,-45,-75.0,-69,2
303,-87,-81,-44,-74,-71,-100,-100,-65,-65,-65,-64,-42,-43,-41,-42,-68.0,-66,2
304,-84,-88,-49,-88,-71,-100,-100,-69,-68,-76,-71,-52,-48,-48,-48,-65.0,-66,2
305,-100,-100,-53,-80,-78,-100,-100,-76,-75,-75,-76,-48,-48,-48,-47,-78.0,-69,2
306,-93,-86,-51,-79,-81,-100,-100,-73,-72,-71,-72,-54,-52,-52,-53,-80.0,-70,2
307,-89,-90,-53,-79,-79,-100,-100,-72,-71,-72,-71,-53,-52,-51,-51,-81.33080808080808,-71,2
308,-100,-100,-50,-85,-84,-100,-100,-75,-74,-73,-76,-52,-52,-53,-53,-80.0,-68,2
309,-100,-87,-60,-84,-83,-100,-100,-70,-71,-70,-70,-52,-52,-52,-52,-75.0,-66,2
310,-100,-91,-52,-84,-85,-100,-100,-70,-70,-70,-70,-52,-51,-51,-51,-81.33080808080808,-70,2
311,-100,-91,-54,-85,-83,-100,-100,-69,-70,-69,-69,-52,-52,-52,-51,-77.0,-70,2
312,-100,-93,-55,-84,-83,-100,-100,-71,-71,-71,-70,-51,-51,-51,-51,-79.0,-68,2
313,-100,-91,-53,-82,-77,-100,-100,-70,-70,-70,-71,-52,-52,-52,-52,-77.0,-70,2
314,-100,-91,-52,-86,-82,-100,-100,-70,-70,-70,-68,-52,-52,-53,-51,-77.0,-70,2
315,-100,-88,-52,-84,-81,-100,-100,-70,-70,-70,-70,-51,-51,-51,-51,-78.0,-67,2
316,-100,-81,-53,-85,-84,-100,-100,-70,-70,-70,-71,-52,-52,-52,-51,-78.0,-67,2
317,-100,-78,-57,-85,-82,-100,-100,-70,-70,-70,-70,-51,-51,-52,-52,-78.0,-68,2
318,-100,-77,-55,-87,-86,-100,-100,-70,-70,-70,-70,-51,-52,-51,-52,-79.0,-100,2
319,-100,-77,-51,-84,-80,-100,-100,-70,-67,-70,-70,-53,-51,-51,-52,-78.0,-67,2
320,-100,-82,-53,-83,-81,-100,-100,-70,-70,-70,-70,-51,-52,-51,-52,-77.0,-66,2
321,-100,-89,-47,-86,-76,-100,-100,-68,-72,-66,-67,-47,-49,-47,-47,-70.0,-100,2
322,-83,-100,-47,-81,-65,-100,-100,-70,-68,-67,-100,-45,-45,-47,-46,-65.0,-55,2
323,-100,-100,-44,-74,-64,-100,-100,-65,-100,-68,-67,-42,-42,-42,-42,-70.0,-54,2
324,-100,-84,-44,-76,-64,-100,-100,-61,-61,-61,-61,-45,-45,-45,-45,-72.0,-58,2
325,-100,-79,-44,-72,-72,-100,-100,-100,-68,-65,-100,-45,-46,-46,-44,-72.0,-100,2
326,-81,-100,-46,-72,-78,-100,-100,-63,-63,-64,-63,-42,-42,-45,-41,-69.0,-56,2
327,-100,-100,-48,-76,-76,-100,-100,-65,-100,-100,-64,-44,-44,-44,-44,-71.0,-58,2
328,-100,-86,-51,-77,-76,-100,-100,-67,-66,-67,-73,-44,-44,-44,-41,-73.0,-58,2
329,-100,-88,-53,-78,-76,-100,-100,-66,-65,-66,-65,-44,-44,-44,-44,-71.0,-57,2
330,-100,-88,-48,-78,-75,-100,-100,-66,-66,-66,-66,-44,-44,-44,-44,-72.0,-58,2
331,-100,-86,-51,-78,-81,-100,-100,-66,-66,-66,-66,-44,-45,-44,-44,-72.0,-57,2
332,-100,-100,-52,-78,-75,-100,-100,-65,-66,-66,-66,-44,-44,-44,-44,-72.0,-57,2
333,-100,-87,-50,-79,-76,-100,-100,-70,-71,-70,-66,-44,-44,-44,-44,-73.0,-58,2
334,-100,-100,-49,-77,-75,-100,-100,-66,-66,-66,-66,-45,-41,-45,-44,-65.0,-58,2
335,-100,-86,-48,-79,-76,-100,-100,-63,-68,-67,-67,-44,-44,-44,-41,-73.0,-58,2
336,-100,-88,-52,-79,-77,-100,-100,-66,-66,-66,-65,-44,-44,-44,-44,-66.0,-58,2
337,-100,-100,-48,-80,-75,-100,-100,-66,-66,-68,-66,-44,-44,-44,-44,-72.0,-58,2
338,-100,-88,-48,-79,-75,-100,-100,-100,-66,-66,-66,-44,-44,-45,-41,-73.0,-100,2
339,-100,-100,-49,-100,-73,-100,-100,-66,-66,-67,-67,-45,-44,-44,-44,-74.0,-58,2
340,-100,-88,-49,-77,-76,-100,-100,-66,-66,-66,-69,-44,-41,-45,-44,-72.0,-58,2
341,-100,-86,-49,-77,-76,-100,-100,-67,-67,-67,-67,-44,-44,-44,-44,-72.0,-58,2
342,-100,-88,-52,-76,-73,-100,-100,-63,-64,-64,-63,-44,-45,-45,-45,-72.0,-65,2
343,-100,-100,-52,-80,-73,-100,-100,-61,-61,-63,-60,-43,-43,-43,-46,-69.0,-59,2
344,-100,-88,-52,-100,-76,-100,-100,-67,-67,-67,-66,-46,-45,-45,-46,-74.0,-64,2
345,-100,-100,-51,-87,-78,-100,-100,-67,-68,-68,-67,-47,-47,-48,-47,-76.0,-63,2
346,-92,-89,-49,-100,-77,-100,-100,-68,-68,-69,-68,-48,-46,-48,-47,-74.0,-64,2
347,-89,-87,-48,-82,-81,-100,-100,-70,-71,-71,-72,-45,-47,-48,-47,-77.0,-64,2
348,-100,-90,-48,-100,-78,-100,-100,-66,-66,-66,-66,-47,-47,-45,-47,-75.0,-63,2
349,-100,-100,-51,-82,-79,-100,-100,-66,-66,-66,-66,-47,-48,-47,-47,-78.0,-64,2
350,-100,-90,-51,-83,-78,-100,-100,-65,-65,-65,-64,-46,-47,-48,-48,-81.33080808080808,-64,2
351,-100,-100,-51,-100,-79,-100,-100,-66,-67,-65,-66,-47,-47,-45,-47,-82.0,-64,2
352,-90,-92,-51,-84,-81,-100,-100,-65,-66,-66,-66,-47,-46,-45,-48,-77.0,-65,2
353,-89,-100,-50,-80,-76,-100,-100,-66,-65,-65,-65,-47,-48,-47,-48,-80.0,-65,2
354,-100,-100,-50,-81,-74,-100,-100,-65,-65,-65,-65,-47,-48,-48,-48,-81.33080808080808,-65,2
355,-100,-100,-58,-81,-77,-100,-100,-66,-66,-65,-65,-48,-46,-48,-46,-80.0,-64,2
356,-90,-100,-56,-81,-76,-100,-100,-66,-66,-66,-67,-49,-48,-47,-47,-79.0,-64,2
357,-100,-90,-60,-82,-76,-100,-100,-72,-65,-66,-67,-45,-48,-47,-47,-79.0,-63,2
358,-88,-90,-51,-83,-83,-100,-100,-69,-70,-69,-70,-49,-48,-49,-46,-81.33080808080808,-65,2
359,-90,-100,-48,-81,-77,-100,-100,-66,-66,-68,-66,-47,-47,-48,-48,-81.33080808080808,-65,2
360,-89,-79,-58,-83,-77,-100,-100,-66,-66,-66,-66,-46,-48,-47,-46,-81.0,-64,2
361,-91,-75,-48,-82,-80,-100,-100,-100,-65,-65,-66,-48,-48,-48,-48,-80.0,-65,2
362,-90,-76,-51,-84,-78,-100,-100,-66,-66,-66,-66,-48,-47,-47,-48,-79.0,-65,2
363,-91,-76,-47,-83,-79,-100,-100,-66,-63,-66,-66,-47,-47,-45,-45,-80.0,-65,2
364,-90,-75,-47,-82,-78,-100,-100,-67,-65,-66,-66,-49,-46,-46,-48,-80.0,-65,2
365,-91,-76,-54,-82,-85,-100,-100,-67,-65,-65,-65,-47,-47,-47,-46,-80.0,-64,2
366,-90,-77,-51,-82,-78,-100,-100,-66,-66,-66,-65,-45,-48,-48,-48,-80.0,-65,2
367,-90,-76,-50,-81,-79,-100,-100,-65,-65,-65,-65,-47,-47,-46,-46,-81.0,-64,2
368,-93,-72,-50,-84,-81,-100,-100,-65,-65,-66,-66,-47,-48,-48,-47,-80.0,-64,2
369,-90,-76,-49,-85,-79,-100,-100,-67,-67,-68,-68,-46,-46,-46,-48,-78.0,-64,2
370,-100,-74,-49,-84,-80,-100,-100,-66,-66,-65,-66,-45,-47,-46,-46,-80.0,-65,2
371,-100,-76,-51,-83,-78,-100,-100,-65,-65,-65,-64,-46,-46,-46,-48,-80.0,-65,2
372,-92,-100,-57,-84,-79,-100,-100,-66,-66,-66,-66,-46,-46,-47,-47,-80.0,-100,2
373,-89,-88,-58,-79,-78,-100,-100,-66,-66,-66,-66,-48,-47,-48,-48,-80.0,-63,2
374,-92,-100,-48,-81,-77,-100,-100,-68,-66,-66,-68,-48,-47,-47,-47,-78.0,-63,2
375,-100,-89,-48,-80,-78,-100,-100,-66,-66,-66,-66,-47,-46,-46,-48,-77.0,-64,2
376,-100,-87,-51,-80,-80,-100,-100,-66,-66,-66,-66,-48,-48,-48,-45,-79.0,-63,2
377,-90,-87,-58,-81,-81,-100,-100,-66,-66,-66,-66,-47,-48,-48,-48,-79.0,-100,2
378,-89,-89,-57,-79,-79,-100,-100,-65,-65,-66,-65,-46,-48,-47,-48,-81.0,-65,2
379,-90,-100,-57,-92,-80,-100,-100,-76,-76,-78,-77,-53,-52,-52,-53,-79.0,-66,2
380,-90,-100,-54,-77,-78,-100,-100,-68,-67,-65,-67,-47,-45,-45,-45,-71.0,-63,2
381,-100,-90,-46,-77,-77,-100,-100,-68,-68,-69,-69,-47,-47,-46,-47,-75.0,-62,2
382,-100,-100,-46,-79,-79,-100,-100,-67,-67,-67,-67,-50,-45,-46,-47,-75.0,-64,2
383,-100,-100,-44,-81,-78,-100,-100,-68,-68,-67,-68,-47,-45,-47,-47,-73.0,-62,2
384,-100,-100,-45,-78,-76,-100,-100,-67,-68,-67,-68,-46,-47,-47,-48,-81.33080808080808,-64,2
385,-92,-100,-44,-82,-75,-100,-100,-68,-68,-68,-67,-47,-48,-47,-48,-81.33080808080808,-63,2
386,-100,-100,-42,-80,-79,-100,-100,-68,-68,-66,-67,-48,-48,-48,-48,-81.33080808080808,-63,2
387,-100,-89,-45,-100,-77,-100,-100,-67,-66,-68,-67,-48,-47,-46,-48,-81.33080808080808,-61,2
388,-89,-100,-42,-80,-79,-100,-100,-71,-71,-74,-73,-49,-49,-48,-48,-76.0,-62,2
389,-89,-100,-43,-80,-77,-100,-100,-67,-67,-67,-68,-46,-46,-46,-47,-74.0,-65,2
390,-87,-83,-46,-78,-77,-100,-100,-67,-100,-70,-71,-45,-45,-45,-46,-67.0,-62,2
391,-100,-100,-47,-70,-68,-100,-100,-60,-60,-60,-61,-47,-48,-47,-46,-66.0,-63,2
392,-86,-100,-46,-80,-68,-100,-100,-62,-63,-63,-64,-50,-45,-46,-46,-66.0,-63,2
393,-89,-83,-44,-68,-66,-100,-100,-66,-68,-68,-68,-49,-49,-49,-49,-63.0,-70,2
394,-100,-100,-49,-82,-71,-100,-100,-74,-75,-74,-74,-49,-43,-49,-44,-76.0,-68,2
395,-100,-87,-48,-81,-71,-100,-100,-73,-72,-73,-73,-43,-43,-46,-48,-75.0,-68,2
